   25.000000000000000        5.5984781279604112E-011
   50.000000000000000        1.0788359130275645E-009
   75.000000000000000        4.5710028137254940E-009
   100.00000000000000        1.3077611285720962E-008
   125.00000000000000        3.4948474817202308E-008
   150.00000000000000        5.8141294506086124E-008
   175.00000000000000        8.4620543811660054E-008
   200.00000000000000        1.1567910426847415E-007
   225.00000000000000        1.1820235777083967E-007
   250.00000000000000        1.2040224725531118E-007
   275.00000000000000        8.8933803716516321E-008
   300.00000000000000        8.8085112105146574E-008
   325.00000000000000        5.3085389396172268E-008
   350.00000000000000        3.3339904878249045E-008
   375.00000000000000        7.4929578436115124E-009
   400.00000000000000        3.3520295189730424E-009
   425.00000000000000        1.2202225438928378E-009
   450.00000000000000        1.1084819074890985E-009
   475.00000000000000        2.2975139527968481E-009
   500.00000000000000        4.1504660757935640E-009
   525.00000000000000        5.1382050027137631E-009
   550.00000000000000        3.6719701541081997E-009
   575.00000000000000        2.6525244113728905E-009
   600.00000000000000        1.2285506583420553E-013
   625.00000000000000        2.5013665440253312E-013
   650.00000000000000        4.9123863160475906E-013
   675.00000000000000        9.8381391751837377E-013
   700.00000000000000        2.0271937677836813E-012
   725.00000000000000        3.9403043721135042E-012
   750.00000000000000        7.7485889361641397E-012
   775.00000000000000        1.5485062069830609E-011
   800.00000000000000        3.1663895450091037E-011
   825.00000000000000        6.0954603631049066E-011
   850.00000000000000        1.1533343203347185E-010
   875.00000000000000        1.2663379003678671E-008
   900.00000000000000        3.1295781495093091E-008
   925.00000000000000        6.1549968445776269E-008
   950.00000000000000        1.6327739418396133E-007
   975.00000000000000        2.8856569427887770E-007
   1000.0000000000000        8.5072685412729557E-007
   1025.0000000000000        1.2801058015802620E-006
   1050.0000000000000        3.5470313132019103E-006
   1075.0000000000000        6.6971333958594419E-006
   1100.0000000000000        1.7851699451356791E-005
   1125.0000000000000        4.6518826594965880E-005
   1150.0000000000000        1.5383819715620502E-004
   1175.0000000000000        3.6333447464335255E-004
   1200.0000000000000        1.4642454925095382E-003
   1225.0000000000000        3.1926185885109374E-003
   1250.0000000000000        5.1029516711524068E-003
   1275.0000000000000        5.5898175142387431E-003
   1300.0000000000000        1.2167902997625045E-002
   1325.0000000000000        4.1444763553700132E-003
   1350.0000000000000        7.8579162760552494E-003
   1375.0000000000000        4.5794337236984587E-003
   1400.0000000000000        7.9450933324910755E-004
   1425.0000000000000        1.9870924826626414E-004
   1450.0000000000000        1.2688380433349163E-004
   1475.0000000000000        6.7671199250480708E-005
   1500.0000000000000        1.6692199218297155E-005
   1525.0000000000000        3.9273504937112564E-005
   1550.0000000000000        2.3232117379584684E-004
   1575.0000000000000        5.3317442235804927E-005
   1600.0000000000000        3.2592537373136294E-005
   1625.0000000000000        3.8692587556184677E-005
   1650.0000000000000        3.0402175011042203E-005
   1675.0000000000000        2.6139137475481399E-005
   1700.0000000000000        1.7028490492605899E-005
   1725.0000000000000        8.3739862752416958E-006
   1750.0000000000000        4.1180445318213120E-006
   1775.0000000000000        2.8584608943357313E-006
   1800.0000000000000        1.7351369114375129E-006
   1825.0000000000000        1.2717548660095329E-006
   1850.0000000000000        7.8701510297006108E-007
   1875.0000000000000        7.0251548227226317E-007
   1900.0000000000000        3.3119203830866974E-007
   1925.0000000000000        3.3403758496410933E-007
   1950.0000000000000        1.4888797006984740E-007
   1975.0000000000000        9.7784871946992901E-008
   2000.0000000000000        4.7030418028009625E-008
   2025.0000000000000        2.0781290309797098E-008
   2050.0000000000000        1.6384684057940286E-008
   2075.0000000000000        1.7016676441947473E-008
   2100.0000000000000        3.0220934497449257E-008
   2125.0000000000000        4.5622333286147225E-008
   2150.0000000000000        8.7309100484209504E-008
   2175.0000000000000        1.8883488182207023E-007
   2200.0000000000000        3.5928057615724399E-007
   2225.0000000000000        5.3796754574964404E-007
   2250.0000000000000        6.3650198819459288E-007
   2275.0000000000000        1.1015160958019755E-006
   2300.0000000000000        1.6046161474979998E-006
   2325.0000000000000        1.7779192428110492E-006
   2350.0000000000000        2.4295227058020549E-006
   2375.0000000000000        4.5491078939536430E-006
   2400.0000000000000        4.5003211396255462E-006
   2425.0000000000000        4.6785908567790842E-006
   2450.0000000000000        5.3776928384357094E-006
   2475.0000000000000        5.6104576543193524E-006
   2500.0000000000000        6.4136310274147614E-006
   2525.0000000000000        6.7652829215548308E-006
   2550.0000000000000        7.4004957539141797E-006
   2575.0000000000000        7.4718011195952504E-006
   2600.0000000000000        1.1182877308953998E-005
   2625.0000000000000        1.2939685530212203E-005
   2650.0000000000000        2.0045814429031114E-005
   2675.0000000000000        3.0384258250799390E-005
   2700.0000000000000        3.5284996593067236E-005
   2725.0000000000000        3.9158896682548884E-005
   2750.0000000000000        5.4556275241476249E-005
   2775.0000000000000        6.6055074933869497E-005
   2800.0000000000000        9.0398075773442721E-005
   2825.0000000000000        1.4969331123976728E-004
   2850.0000000000000        1.4766034706438987E-004
   2875.0000000000000        3.9704871610282368E-004
   2900.0000000000000        4.2340028016589053E-004
   2925.0000000000000        5.4734314732259026E-004
   2950.0000000000000        5.7894567496692673E-004
   2975.0000000000000        3.3324932931859971E-004
   3000.0000000000000        8.7092408298837672E-004
   3025.0000000000000        7.2527865295797067E-004
   3050.0000000000000        2.7895121696674946E-004
   3075.0000000000000        5.0241420500910796E-004
   3100.0000000000000        4.5922978110424082E-004
   3125.0000000000000        4.7861589807759688E-004
   3150.0000000000000        3.1367286291877184E-004
   3175.0000000000000        1.4410608069860811E-004
   3200.0000000000000        5.1001713199558373E-005
   3225.0000000000000        1.1905943320753523E-005
   3250.0000000000000        2.0311664182012047E-006
   3275.0000000000000        4.5216259312786092E-007
   3300.0000000000000        2.1324812992711623E-007
   3325.0000000000000        1.1437481110148343E-007
   3350.0000000000000        6.5303832154667792E-008
   3375.0000000000000        3.9057375238211196E-008
   3400.0000000000000        2.3360768659608427E-008
   3425.0000000000000        1.2735926384676354E-008
   3450.0000000000000        6.9302112439271429E-009
   3475.0000000000000        3.5397191256474103E-009
   3500.0000000000000        3.3209965954635440E-009
   3525.0000000000000        5.0037569034390406E-009
   3550.0000000000000        6.4646037251952371E-009
   3575.0000000000000        8.7991604994135238E-009
   3600.0000000000000        1.1557470266767809E-008
   3625.0000000000000        1.4833957304499082E-008
   3650.0000000000000        1.8720554724751545E-008
   3675.0000000000000        2.1607414283862948E-008
   3700.0000000000000        3.0717035354298216E-008
   3725.0000000000000        5.8465858718422254E-008
   3750.0000000000000        1.1500641851694572E-007
   3775.0000000000000        2.5920779354230119E-007
   3800.0000000000000        4.7004756128758992E-007
   3825.0000000000000        7.7460953109433185E-007
   3850.0000000000000        1.3105333210553443E-006
   3875.0000000000000        8.6390205271175885E-007
   3900.0000000000000        1.1753323090179859E-006
   3925.0000000000000        3.8797249214373984E-007
   3950.0000000000000        1.7193301607563460E-007
   3975.0000000000000        2.2806238060907055E-007
   4000.0000000000000        2.6399949167830111E-007
   4025.0000000000000        4.6440079126767709E-007
   4050.0000000000000        6.8771601804095148E-007
   4075.0000000000000        1.1970141744356205E-006
   4100.0000000000000        1.5880616728382549E-006
   4125.0000000000000        2.5415105672162666E-006
   4150.0000000000000        3.3482217215596922E-006
   4175.0000000000000        4.2667543442821187E-006
   4200.0000000000000        4.8632418356532628E-006
   4225.0000000000000        6.9350699907178491E-006
   4250.0000000000000        5.8065403206189803E-006
   4275.0000000000000        5.3583539881439344E-006
   4300.0000000000000        3.7772352209352928E-006
   4325.0000000000000        3.0212753454419361E-006
   4350.0000000000000        3.4218576805954616E-006
   4375.0000000000000        2.9034606134086819E-006
   4400.0000000000000        2.3293708338499438E-006
   4425.0000000000000        2.5747654962551976E-006
   4450.0000000000000        2.0677215840269832E-006
   4475.0000000000000        1.3407052449328004E-006
   4500.0000000000000        8.3280505172323950E-007
   4525.0000000000000        6.1213707420000232E-007
   4550.0000000000000        9.2983926735551202E-007
   4575.0000000000000        1.0624642909099398E-007
   4600.0000000000000        1.2631472559869590E-007
   4625.0000000000000        1.3066677744651707E-007
   4650.0000000000000        8.5987119657920622E-008
   4675.0000000000000        5.0459288264146174E-008
   4700.0000000000000        2.7597690063433120E-008
   4725.0000000000000        1.0204580060797644E-008
   4750.0000000000000        2.6415921059503672E-009
   4775.0000000000000        8.0199836636174037E-010
   4800.0000000000000        4.0136782833289847E-010
   4825.0000000000000        2.0282350334477438E-010
   4850.0000000000000        8.8524387464876462E-011
   4875.0000000000000        7.2243057855887723E-011
   4900.0000000000000        7.1067047834578323E-011
   4925.0000000000000        1.3145269811144510E-010
   4950.0000000000000        2.1835869058783390E-010
   4975.0000000000000        2.1929884931320461E-012
   5000.0000000000000        2.2608720588608244E-012
   5025.0000000000000        2.4461771976999003E-012
   5050.0000000000000        2.7115980896386270E-012
   5075.0000000000000        2.5722694039952060E-012
   5100.0000000000000        2.8727463449466238E-012
   5125.0000000000000        4.5549347366306257E-012
   5150.0000000000000        2.4498160011508052E-012
   5175.0000000000000        1.9907528604151500E-012
   5200.0000000000000        3.0692667374782260E-012
   5225.0000000000000        2.4551828342059136E-012
   5250.0000000000000        1.6312571552736321E-012
   5275.0000000000000        1.0189340573000223E-012
   5300.0000000000000        1.5756284878531786E-012
   5325.0000000000000        2.5328406574088870E-012
   5350.0000000000000        5.2266712105113680E-012
   5375.0000000000000        8.2816878953805497E-012
   5400.0000000000000        7.7922406682793917E-012
   5425.0000000000000        1.0422672044309434E-011
   5450.0000000000000        2.0558043598914509E-011
   5475.0000000000000        4.9290416218485910E-011
   5500.0000000000000        5.1753501376323238E-009
   5525.0000000000000        4.8018687868493909E-009
   5550.0000000000000        3.2974818835120217E-009
   5575.0000000000000        1.2518850979217539E-008
   5600.0000000000000        4.1988337430554747E-009
   5625.0000000000000        5.2750145389061760E-009
   5650.0000000000000        5.9136396962566332E-009
   5675.0000000000000        4.4564939523472282E-009
   5700.0000000000000        3.9166577995277979E-009
   5725.0000000000000        5.1918744974892967E-009
   5750.0000000000000        5.4813391162573740E-009
   5775.0000000000000        8.9688230956652516E-009
   5800.0000000000000        7.9472580954963435E-009
   5825.0000000000000        4.7772018028357267E-009
   5850.0000000000000        9.2830309980647972E-009
   5875.0000000000000        1.2913787790436013E-008
   5900.0000000000000        1.2067189983884092E-008
   5925.0000000000000        1.0765068480608494E-008
   5950.0000000000000        8.8781253775518737E-009
   5975.0000000000000        3.2865314318264460E-009
   6000.0000000000000        1.8100814528693171E-008
   6025.0000000000000        1.7366383424015832E-009
   6050.0000000000000        5.0190759173170463E-009
   6075.0000000000000        7.8268052372391173E-009
   6100.0000000000000        4.4664694082877691E-009
   6125.0000000000000        6.6753457338845342E-010
   6150.0000000000000        6.4934340369582912E-010
   6175.0000000000000        3.4343437804032837E-010
   6200.0000000000000        4.9652315416592298E-013
   6225.0000000000000        0.0000000000000000     
   6250.0000000000000        0.0000000000000000     
   6275.0000000000000        0.0000000000000000     
   6300.0000000000000        0.0000000000000000     
   6325.0000000000000        0.0000000000000000     
   6350.0000000000000        0.0000000000000000     
   6375.0000000000000        0.0000000000000000     
   6400.0000000000000        0.0000000000000000     
   6425.0000000000000        0.0000000000000000     
   6450.0000000000000        0.0000000000000000     
   6475.0000000000000        0.0000000000000000     
   6500.0000000000000        0.0000000000000000     
   6525.0000000000000        0.0000000000000000     
   6550.0000000000000        0.0000000000000000     
   6575.0000000000000        0.0000000000000000     
   6600.0000000000000        0.0000000000000000     
   6625.0000000000000        0.0000000000000000     
   6650.0000000000000        0.0000000000000000     
   6675.0000000000000        0.0000000000000000     
   6700.0000000000000        0.0000000000000000     
   6725.0000000000000        0.0000000000000000     
   6750.0000000000000        0.0000000000000000     
   6775.0000000000000        0.0000000000000000     
   6800.0000000000000        0.0000000000000000     
   6825.0000000000000        0.0000000000000000     
   6850.0000000000000        0.0000000000000000     
   6875.0000000000000        0.0000000000000000     
   6900.0000000000000        0.0000000000000000     
   6925.0000000000000        0.0000000000000000     
   6950.0000000000000        0.0000000000000000     
   6975.0000000000000        0.0000000000000000     
   7000.0000000000000        0.0000000000000000     
   7025.0000000000000        0.0000000000000000     
   7050.0000000000000        0.0000000000000000     
   7075.0000000000000        0.0000000000000000     
   7100.0000000000000        0.0000000000000000     
   7125.0000000000000        0.0000000000000000     
   7150.0000000000000        0.0000000000000000     
   7175.0000000000000        0.0000000000000000     
   7200.0000000000000        0.0000000000000000     
   7225.0000000000000        0.0000000000000000     
   7250.0000000000000        0.0000000000000000     
   7275.0000000000000        0.0000000000000000     
   7300.0000000000000        0.0000000000000000     
   7325.0000000000000        0.0000000000000000     
   7350.0000000000000        0.0000000000000000     
   7375.0000000000000        0.0000000000000000     
   7400.0000000000000        0.0000000000000000     
   7425.0000000000000        0.0000000000000000     
   7450.0000000000000        0.0000000000000000     
   7475.0000000000000        0.0000000000000000     
   7500.0000000000000        0.0000000000000000     
   7525.0000000000000        0.0000000000000000     
   7550.0000000000000        0.0000000000000000     
   7575.0000000000000        0.0000000000000000     
   7600.0000000000000        0.0000000000000000     
   7625.0000000000000        0.0000000000000000     
   7650.0000000000000        0.0000000000000000     
   7675.0000000000000        0.0000000000000000     
   7700.0000000000000        0.0000000000000000     
   7725.0000000000000        0.0000000000000000     
   7750.0000000000000        0.0000000000000000     
   7775.0000000000000        0.0000000000000000     
   7800.0000000000000        0.0000000000000000     
   7825.0000000000000        0.0000000000000000     
   7850.0000000000000        0.0000000000000000     
   7875.0000000000000        0.0000000000000000     
   7900.0000000000000        0.0000000000000000     
   7925.0000000000000        0.0000000000000000     
   7950.0000000000000        0.0000000000000000     
   7975.0000000000000        0.0000000000000000     
   8000.0000000000000        0.0000000000000000     
   8025.0000000000000        0.0000000000000000     
   8050.0000000000000        0.0000000000000000     
   8075.0000000000000        0.0000000000000000     
   8100.0000000000000        0.0000000000000000     
   8125.0000000000000        0.0000000000000000     
   8150.0000000000000        0.0000000000000000     
   8175.0000000000000        0.0000000000000000     
   8200.0000000000000        0.0000000000000000     
   8225.0000000000000        0.0000000000000000     
   8250.0000000000000        0.0000000000000000     
   8275.0000000000000        0.0000000000000000     
   8300.0000000000000        0.0000000000000000     
   8325.0000000000000        0.0000000000000000     
   8350.0000000000000        0.0000000000000000     
   8375.0000000000000        0.0000000000000000     
   8400.0000000000000        0.0000000000000000     
   8425.0000000000000        0.0000000000000000     
   8450.0000000000000        0.0000000000000000     
   8475.0000000000000        0.0000000000000000     
   8500.0000000000000        0.0000000000000000     
   8525.0000000000000        0.0000000000000000     
   8550.0000000000000        0.0000000000000000     
   8575.0000000000000        0.0000000000000000     
   8600.0000000000000        0.0000000000000000     
   8625.0000000000000        0.0000000000000000     
   8650.0000000000000        0.0000000000000000     
   8675.0000000000000        0.0000000000000000     
   8700.0000000000000        0.0000000000000000     
   8725.0000000000000        0.0000000000000000     
   8750.0000000000000        0.0000000000000000     
   8775.0000000000000        0.0000000000000000     
   8800.0000000000000        0.0000000000000000     
   8825.0000000000000        0.0000000000000000     
   8850.0000000000000        0.0000000000000000     
   8875.0000000000000        0.0000000000000000     
   8900.0000000000000        0.0000000000000000     
   8925.0000000000000        0.0000000000000000     
   8950.0000000000000        0.0000000000000000     
   8975.0000000000000        0.0000000000000000     
   9000.0000000000000        0.0000000000000000     
   9025.0000000000000        0.0000000000000000     
   9050.0000000000000        0.0000000000000000     
   9075.0000000000000        0.0000000000000000     
   9100.0000000000000        0.0000000000000000     
   9125.0000000000000        0.0000000000000000     
   9150.0000000000000        0.0000000000000000     
   9175.0000000000000        0.0000000000000000     
   9200.0000000000000        0.0000000000000000     
   9225.0000000000000        0.0000000000000000     
   9250.0000000000000        0.0000000000000000     
   9275.0000000000000        0.0000000000000000     
   9300.0000000000000        0.0000000000000000     
   9325.0000000000000        0.0000000000000000     
   9350.0000000000000        0.0000000000000000     
   9375.0000000000000        0.0000000000000000     
   9400.0000000000000        0.0000000000000000     
   9425.0000000000000        0.0000000000000000     
   9450.0000000000000        0.0000000000000000     
   9475.0000000000000        0.0000000000000000     
   9500.0000000000000        0.0000000000000000     
   9525.0000000000000        0.0000000000000000     
   9550.0000000000000        0.0000000000000000     
   9575.0000000000000        0.0000000000000000     
   9600.0000000000000        0.0000000000000000     
   9625.0000000000000        0.0000000000000000     
   9650.0000000000000        0.0000000000000000     
   9675.0000000000000        0.0000000000000000     
   9700.0000000000000        0.0000000000000000     
   9725.0000000000000        0.0000000000000000     
   9750.0000000000000        0.0000000000000000     
   9775.0000000000000        0.0000000000000000     
   9800.0000000000000        0.0000000000000000     
   9825.0000000000000        0.0000000000000000     
   9850.0000000000000        0.0000000000000000     
   9875.0000000000000        0.0000000000000000     
   9900.0000000000000        0.0000000000000000     
   9925.0000000000000        0.0000000000000000     
   9950.0000000000000        0.0000000000000000     
   9975.0000000000000        0.0000000000000000     
   10000.000000000000        0.0000000000000000     
   10025.000000000000        0.0000000000000000     
   10050.000000000000        0.0000000000000000     
   10075.000000000000        0.0000000000000000     
   10100.000000000000        0.0000000000000000     
   10125.000000000000        0.0000000000000000     
   10150.000000000000        0.0000000000000000     
   10175.000000000000        0.0000000000000000     
   10200.000000000000        0.0000000000000000     
   10225.000000000000        0.0000000000000000     
   10250.000000000000        0.0000000000000000     
   10275.000000000000        0.0000000000000000     
   10300.000000000000        0.0000000000000000     
   10325.000000000000        0.0000000000000000     
   10350.000000000000        0.0000000000000000     
   10375.000000000000        0.0000000000000000     
   10400.000000000000        0.0000000000000000     
   10425.000000000000        0.0000000000000000     
   10450.000000000000        0.0000000000000000     
   10475.000000000000        0.0000000000000000     
   10500.000000000000        0.0000000000000000     
   10525.000000000000        0.0000000000000000     
   10550.000000000000        0.0000000000000000     
   10575.000000000000        0.0000000000000000     
   10600.000000000000        0.0000000000000000     
   10625.000000000000        0.0000000000000000     
   10650.000000000000        0.0000000000000000     
   10675.000000000000        0.0000000000000000     
   10700.000000000000        0.0000000000000000     
   10725.000000000000        0.0000000000000000     
   10750.000000000000        0.0000000000000000     
   10775.000000000000        0.0000000000000000     
   10800.000000000000        0.0000000000000000     
   10825.000000000000        0.0000000000000000     
   10850.000000000000        0.0000000000000000     
   10875.000000000000        0.0000000000000000     
   10900.000000000000        0.0000000000000000     
   10925.000000000000        0.0000000000000000     
   10950.000000000000        0.0000000000000000     
   10975.000000000000        0.0000000000000000     
   11000.000000000000        0.0000000000000000     
   11025.000000000000        0.0000000000000000     
   11050.000000000000        0.0000000000000000     
   11075.000000000000        0.0000000000000000     
   11100.000000000000        0.0000000000000000     
   11125.000000000000        0.0000000000000000     
   11150.000000000000        0.0000000000000000     
   11175.000000000000        0.0000000000000000     
   11200.000000000000        0.0000000000000000     
   11225.000000000000        0.0000000000000000     
   11250.000000000000        0.0000000000000000     
   1.3323885167530845     
