   25.000000000000000       0.99999997755806447     
   50.000000000000000       0.99999988785286220     
   75.000000000000000       0.99999978084502394     
   100.00000000000000       0.99999963384309842     
   125.00000000000000       0.99999934955594427     
   150.00000000000000       0.99999921917634194     
   175.00000000000000       0.99999913206920266     
   200.00000000000000       0.99999905528708233     
   225.00000000000000       0.99999920645819973     
   250.00000000000000       0.99999931852411594     
   275.00000000000000       0.99999956682124025     
   300.00000000000000       0.99999962444200940     
   325.00000000000000       0.99999979901801139     
   350.00000000000000       0.99999988652809368     
   375.00000000000000       0.99999997682924247     
   400.00000000000000       0.99999999049387323     
   425.00000000000000       0.99999999680023033     
   450.00000000000000       0.99999999729244693     
   475.00000000000000       0.99999999473821888     
   500.00000000000000       0.99999999103442472     
   525.00000000000000       0.99999998947449409     
   550.00000000000000       0.99999999283162866     
   575.00000000000000       0.99999999504283943     
   600.00000000000000       0.99999999999977929     
   625.00000000000000       0.99999999999956635     
   650.00000000000000       0.99999999999917522     
   675.00000000000000       0.99999999999839495     
   700.00000000000000       0.99999999999677636     
   725.00000000000000       0.99999999999387479     
   750.00000000000000       0.99999999998819300     
   775.00000000000000       0.99999999997681155     
   800.00000000000000       0.99999999995328914     
   825.00000000000000       0.99999999991121291     
   850.00000000000000       0.99999999983376187     
   875.00000000000000       0.99999998190114392     
   900.00000000000000       0.99999995556114440     
   925.00000000000000       0.99999991300608038     
   950.00000000000000       0.99999976988672346     
   975.00000000000000       0.99999959379029002     
   1000.0000000000000       0.99999880191246548     
   1025.0000000000000       0.99999819361820752     
   1050.0000000000000       0.99999497728963394     
   1075.0000000000000       0.99999047008126707     
   1100.0000000000000       0.99997443770255501     
   1125.0000000000000       0.99993288202527897     
   1150.0000000000000       0.99977607018200021     
   1175.0000000000000       0.99946578097821526     
   1200.0000000000000       0.99782279353115677     
   1225.0000000000000       0.99519387066536347     
   1250.0000000000000       0.99221416824733555     
   1275.0000000000000       0.99134688572262142     
   1300.0000000000000       0.98086967191742469     
   1325.0000000000000       0.99337578920479197     
   1350.0000000000000       0.98721968238755109     
   1375.0000000000000       0.99241397091035000     
   1400.0000000000000       0.99865829734672562     
   1425.0000000000000       0.99965762350277798     
   1450.0000000000000       0.99977675424674528     
   1475.0000000000000       0.99987831875517186     
   1500.0000000000000       0.99996930149506846     
   1525.0000000000000       0.99992607040081383     
   1550.0000000000000       0.99955203502419532     
   1575.0000000000000       0.99989461627887255     
   1600.0000000000000       0.99993391925365727     
   1625.0000000000000       0.99991947471977471     
   1650.0000000000000       0.99993501039494603     
   1675.0000000000000       0.99994256923938651     
   1700.0000000000000       0.99996152174449426     
   1725.0000000000000       0.99998052748556709     
   1750.0000000000000       0.99999013972220163     
   1775.0000000000000       0.99999294836538599     
   1800.0000000000000       0.99999558739105232     
   1825.0000000000000       0.99999666414014754     
   1850.0000000000000       0.99999786959212755     
   1875.0000000000000       0.99999803646895691     
   1900.0000000000000       0.99999904371952297     
   1925.0000000000000       0.99999900312597556     
   1950.0000000000000       0.99999954053233009     
   1975.0000000000000       0.99999968780689297     
   2000.0000000000000       0.99999984458682156     
   2025.0000000000000       0.99999992888924261     
   2050.0000000000000       0.99999994191732788     
   2075.0000000000000       0.99999993748034677     
   2100.0000000000000       0.99999988487586411     
   2125.0000000000000       0.99999981972647178     
   2150.0000000000000       0.99999964199812352     
   2175.0000000000000       0.99999919619470468     
   2200.0000000000000       0.99999841177122673     
   2225.0000000000000       0.99999752935519315     
   2250.0000000000000       0.99999696198668109     
   2275.0000000000000       0.99999453394735627     
   2300.0000000000000       0.99999171864729786     
   2325.0000000000000       0.99999045358642602     
   2350.0000000000000       0.99998642327206078     
   2375.0000000000000       0.99997353382483944     
   2400.0000000000000       0.99997273275945220     
   2425.0000000000000       0.99997046856077498     
   2450.0000000000000       0.99996462684645182     
   2475.0000000000000       0.99996153036809954     
   2500.0000000000000       0.99995414393423465     
   2525.0000000000000       0.99994954775862743     
   2550.0000000000000       0.99994241847663556     
   2575.0000000000000       0.99993932647241179     
   2600.0000000000000       0.99990520169757202     
   2625.0000000000000       0.99988545847084853     
   2650.0000000000000       0.99981465869532415     
   2675.0000000000000       0.99970649110478815     
   2700.0000000000000       0.99964379532923087     
   2725.0000000000000       0.99958677400565932     
   2750.0000000000000       0.99939805288709826     
   2775.0000000000000       0.99923777514080769     
   2800.0000000000000       0.99890879993373194     
   2825.0000000000000       0.99810931565795646     
   2850.0000000000000       0.99804811903996693     
   2875.0000000000000       0.99450578451525984     
   2900.0000000000000       0.99386543984571674     
   2925.0000000000000       0.99169463613679920     
   2950.0000000000000       0.99079766230017818     
   2975.0000000000000       0.99445011323376820     
   3000.0000000000000       0.98480008352661152     
   3025.0000000000000       0.98673210761943009     
   3050.0000000000000       0.99465004575375571     
   3075.0000000000000       0.98989594569989969     
   3100.0000000000000       0.99031361875900648     
   3125.0000000000000       0.98940988140520747     
   3150.0000000000000       0.99271791157815481     
   3175.0000000000000       0.99648918122317376     
   3200.0000000000000       0.99869581705894939     
   3225.0000000000000       0.99968038694905959     
   3250.0000000000000       0.99994274792500926     
   3275.0000000000000       0.99998661549589440     
   3300.0000000000000       0.99999336974001674     
   3325.0000000000000       0.99999626416232656     
   3350.0000000000000       0.99999775879256059     
   3375.0000000000000       0.99999859134500912     
   3400.0000000000000       0.99999911443944578     
   3425.0000000000000       0.99999949247020614     
   3450.0000000000000       0.99999970963341123     
   3475.0000000000000       0.99999984404243480     
   3500.0000000000000       0.99999984610982917     
   3525.0000000000000       0.99999975610110015     
   3550.0000000000000       0.99999966849339772     
   3575.0000000000000       0.99999952521970914     
   3600.0000000000000       0.99999934373531441     
   3625.0000000000000       0.99999911345487824     
   3650.0000000000000       0.99999882225300085     
   3675.0000000000000       0.99999856884514982     
   3700.0000000000000       0.99999785773151917     
   3725.0000000000000       0.99999570594962184     
   3750.0000000000000       0.99999110357092047     
   3775.0000000000000       0.99997887832297139     
   3800.0000000000000       0.99995964791811798     
   3825.0000000000000       0.99992993403108854     
   3850.0000000000000       0.99987508110388357     
   3875.0000000000000       0.99991321288453228     
   3900.0000000000000       0.99987554386784072     
   3925.0000000000000       0.99995669132020937     
   3950.0000000000000       0.99997976493945739     
   3975.0000000000000       0.99997169766538940     
   4000.0000000000000       0.99996545011606286     
   4025.0000000000000       0.99993589938152783     
   4050.0000000000000       0.99989987225880728     
   4075.0000000000000       0.99981614721674250     
   4100.0000000000000       0.99974265665765472     
   4125.0000000000000       0.99956542916619695     
   4150.0000000000000       0.99939583746704508     
   4175.0000000000000       0.99918744005443916     
   4200.0000000000000       0.99902242849748801     
   4225.0000000000000       0.99852841768237155     
   4250.0000000000000       0.99869920813916180     
   4275.0000000000000       0.99873257143665550     
   4300.0000000000000       0.99905656411341470     
   4325.0000000000000       0.99920307221021465     
   4350.0000000000000       0.99904671132178413     
   4375.0000000000000       0.99914561171443828     
   4400.0000000000000       0.99927590196429983     
   4425.0000000000000       0.99915441384972181     
   4450.0000000000000       0.99928251096672938     
   4475.0000000000000       0.99950841269850788     
   4500.0000000000000       0.99967730257675735     
   4525.0000000000000       0.99974931644955900     
   4550.0000000000000       0.99959751489938442     
   4575.0000000000000       0.99995138611051892     
   4600.0000000000000       0.99993889974647188     
   4625.0000000000000       0.99993317550399696     
   4650.0000000000000       0.99995350315769782     
   4675.0000000000000       0.99997114717224278     
   4700.0000000000000       0.99998331160942699     
   4725.0000000000000       0.99999347368277347     
   4750.0000000000000       0.99999821307389958     
   4775.0000000000000       0.99999942612382042     
   4800.0000000000000       0.99999969617264972     
   4825.0000000000000       0.99999983756578226     
   4850.0000000000000       0.99999992498776913     
   4875.0000000000000       0.99999993522464559     
   4900.0000000000000       0.99999993256882280     
   4925.0000000000000       0.99999986799977425     
   4950.0000000000000       0.99999976792843870     
   4975.0000000000000       0.99999999753301050     
   5000.0000000000000       0.99999999730772549     
   5025.0000000000000       0.99999999691627073     
   5050.0000000000000       0.99999999638098092     
   5075.0000000000000       0.99999999636511094     
   5100.0000000000000       0.99999999570154130     
   5125.0000000000000       0.99999999278278384     
   5150.0000000000000       0.99999999588922128     
   5175.0000000000000       0.99999999646213089     
   5200.0000000000000       0.99999999422272245     
   5225.0000000000000       0.99999999510484172     
   5250.0000000000000       0.99999999655468086     
   5275.0000000000000       0.99999999772014736     
   5300.0000000000000       0.99999999626494107     
   5325.0000000000000       0.99999999363844294     
   5350.0000000000000       0.99999998609018415     
   5375.0000000000000       0.99999997664476992     
   5400.0000000000000       0.99999997671238972     
   5425.0000000000000       0.99999996698837967     
   5450.0000000000000       0.99999993098834827     
   5475.0000000000000       0.99999982461864945     
   5500.0000000000000       0.99998048052588806     
   5525.0000000000000       0.99998080124642952     
   5550.0000000000000       0.99998602324959185     
   5575.0000000000000       0.99994374310692047     
   5600.0000000000000       0.99997999430541562     
   5625.0000000000000       0.99997335054910530     
   5650.0000000000000       0.99996832002365132     
   5675.0000000000000       0.99997468288567726     
   5700.0000000000000       0.99997640322304582     
   5725.0000000000000       0.99996682564518469     
   5750.0000000000000       0.99996285237465865     
   5775.0000000000000       0.99993552808681507     
   5800.0000000000000       0.99993940070819198     
   5825.0000000000000       0.99996135768318906     
   5850.0000000000000       0.99992033955890147     
   5875.0000000000000       0.99988243076750272     
   5900.0000000000000       0.99988343802116686     
   5925.0000000000000       0.99988966795318857     
   5950.0000000000000       0.99990344751305094     
   5975.0000000000000       0.99996207196921272     
   6000.0000000000000       0.99977832141209189     
   6025.0000000000000       0.99997742848259197     
   6050.0000000000000       0.99993076538032688     
   6075.0000000000000       0.99988540794823388     
   6100.0000000000000       0.99993058923683864     
   6125.0000000000000       0.99998898839585171     
   6150.0000000000000       0.99998862929645127     
   6175.0000000000000       0.99999361568544243     
   6200.0000000000000       0.99999999020083707     
   6225.0000000000000        1.0000000000000000     
   6250.0000000000000        1.0000000000000000     
   6275.0000000000000        1.0000000000000000     
   6300.0000000000000        1.0000000000000000     
   6325.0000000000000        1.0000000000000000     
   6350.0000000000000        1.0000000000000000     
   6375.0000000000000        1.0000000000000000     
   6400.0000000000000        1.0000000000000000     
   6425.0000000000000        1.0000000000000000     
   6450.0000000000000        1.0000000000000000     
   6475.0000000000000        1.0000000000000000     
   6500.0000000000000        1.0000000000000000     
   6525.0000000000000        1.0000000000000000     
   6550.0000000000000        1.0000000000000000     
   6575.0000000000000        1.0000000000000000     
   6600.0000000000000        1.0000000000000000     
   6625.0000000000000        1.0000000000000000     
   6650.0000000000000        1.0000000000000000     
   6675.0000000000000        1.0000000000000000     
   6700.0000000000000        1.0000000000000000     
   6725.0000000000000        1.0000000000000000     
   6750.0000000000000        1.0000000000000000     
   6775.0000000000000        1.0000000000000000     
   6800.0000000000000        1.0000000000000000     
   6825.0000000000000        1.0000000000000000     
   6850.0000000000000        1.0000000000000000     
   6875.0000000000000        1.0000000000000000     
   6900.0000000000000        1.0000000000000000     
   6925.0000000000000        1.0000000000000000     
   6950.0000000000000        1.0000000000000000     
   6975.0000000000000        1.0000000000000000     
   7000.0000000000000        1.0000000000000000     
   7025.0000000000000        1.0000000000000000     
   7050.0000000000000        1.0000000000000000     
   7075.0000000000000        1.0000000000000000     
   7100.0000000000000        1.0000000000000000     
   7125.0000000000000        1.0000000000000000     
   7150.0000000000000        1.0000000000000000     
   7175.0000000000000        1.0000000000000000     
   7200.0000000000000        1.0000000000000000     
   7225.0000000000000        1.0000000000000000     
   7250.0000000000000        1.0000000000000000     
   7275.0000000000000        1.0000000000000000     
   7300.0000000000000        1.0000000000000000     
   7325.0000000000000        1.0000000000000000     
   7350.0000000000000        1.0000000000000000     
   7375.0000000000000        1.0000000000000000     
   7400.0000000000000        1.0000000000000000     
   7425.0000000000000        1.0000000000000000     
   7450.0000000000000        1.0000000000000000     
   7475.0000000000000        1.0000000000000000     
   7500.0000000000000        1.0000000000000000     
   7525.0000000000000        1.0000000000000000     
   7550.0000000000000        1.0000000000000000     
   7575.0000000000000        1.0000000000000000     
   7600.0000000000000        1.0000000000000000     
   7625.0000000000000        1.0000000000000000     
   7650.0000000000000        1.0000000000000000     
   7675.0000000000000        1.0000000000000000     
   7700.0000000000000        1.0000000000000000     
   7725.0000000000000        1.0000000000000000     
   7750.0000000000000        1.0000000000000000     
   7775.0000000000000        1.0000000000000000     
   7800.0000000000000        1.0000000000000000     
   7825.0000000000000        1.0000000000000000     
   7850.0000000000000        1.0000000000000000     
   7875.0000000000000        1.0000000000000000     
   7900.0000000000000        1.0000000000000000     
   7925.0000000000000        1.0000000000000000     
   7950.0000000000000        1.0000000000000000     
   7975.0000000000000        1.0000000000000000     
   8000.0000000000000        1.0000000000000000     
   8025.0000000000000        1.0000000000000000     
   8050.0000000000000        1.0000000000000000     
   8075.0000000000000        1.0000000000000000     
   8100.0000000000000        1.0000000000000000     
   8125.0000000000000        1.0000000000000000     
   8150.0000000000000        1.0000000000000000     
   8175.0000000000000        1.0000000000000000     
   8200.0000000000000        1.0000000000000000     
   8225.0000000000000        1.0000000000000000     
   8250.0000000000000        1.0000000000000000     
   8275.0000000000000        1.0000000000000000     
   8300.0000000000000        1.0000000000000000     
   8325.0000000000000        1.0000000000000000     
   8350.0000000000000        1.0000000000000000     
   8375.0000000000000        1.0000000000000000     
   8400.0000000000000        1.0000000000000000     
   8425.0000000000000        1.0000000000000000     
   8450.0000000000000        1.0000000000000000     
   8475.0000000000000        1.0000000000000000     
   8500.0000000000000        1.0000000000000000     
   8525.0000000000000        1.0000000000000000     
   8550.0000000000000        1.0000000000000000     
   8575.0000000000000        1.0000000000000000     
   8600.0000000000000        1.0000000000000000     
   8625.0000000000000        1.0000000000000000     
   8650.0000000000000        1.0000000000000000     
   8675.0000000000000        1.0000000000000000     
   8700.0000000000000        1.0000000000000000     
   8725.0000000000000        1.0000000000000000     
   8750.0000000000000        1.0000000000000000     
   8775.0000000000000        1.0000000000000000     
   8800.0000000000000        1.0000000000000000     
   8825.0000000000000        1.0000000000000000     
   8850.0000000000000        1.0000000000000000     
   8875.0000000000000        1.0000000000000000     
   8900.0000000000000        1.0000000000000000     
   8925.0000000000000        1.0000000000000000     
   8950.0000000000000        1.0000000000000000     
   8975.0000000000000        1.0000000000000000     
   9000.0000000000000        1.0000000000000000     
   9025.0000000000000        1.0000000000000000     
   9050.0000000000000        1.0000000000000000     
   9075.0000000000000        1.0000000000000000     
   9100.0000000000000        1.0000000000000000     
   9125.0000000000000        1.0000000000000000     
   9150.0000000000000        1.0000000000000000     
   9175.0000000000000        1.0000000000000000     
   9200.0000000000000        1.0000000000000000     
   9225.0000000000000        1.0000000000000000     
   9250.0000000000000        1.0000000000000000     
   9275.0000000000000        1.0000000000000000     
   9300.0000000000000        1.0000000000000000     
   9325.0000000000000        1.0000000000000000     
   9350.0000000000000        1.0000000000000000     
   9375.0000000000000        1.0000000000000000     
   9400.0000000000000        1.0000000000000000     
   9425.0000000000000        1.0000000000000000     
   9450.0000000000000        1.0000000000000000     
   9475.0000000000000        1.0000000000000000     
   9500.0000000000000        1.0000000000000000     
   9525.0000000000000        1.0000000000000000     
   9550.0000000000000        1.0000000000000000     
   9575.0000000000000        1.0000000000000000     
   9600.0000000000000        1.0000000000000000     
   9625.0000000000000        1.0000000000000000     
   9650.0000000000000        1.0000000000000000     
   9675.0000000000000        1.0000000000000000     
   9700.0000000000000        1.0000000000000000     
   9725.0000000000000        1.0000000000000000     
   9750.0000000000000        1.0000000000000000     
   9775.0000000000000        1.0000000000000000     
   9800.0000000000000        1.0000000000000000     
   9825.0000000000000        1.0000000000000000     
   9850.0000000000000        1.0000000000000000     
   9875.0000000000000        1.0000000000000000     
   9900.0000000000000        1.0000000000000000     
   9925.0000000000000        1.0000000000000000     
   9950.0000000000000        1.0000000000000000     
   9975.0000000000000        1.0000000000000000     
   10000.000000000000        1.0000000000000000     
   10025.000000000000        1.0000000000000000     
   10050.000000000000        1.0000000000000000     
   10075.000000000000        1.0000000000000000     
   10100.000000000000        1.0000000000000000     
   10125.000000000000        1.0000000000000000     
   10150.000000000000        1.0000000000000000     
   10175.000000000000        1.0000000000000000     
   10200.000000000000        1.0000000000000000     
   10225.000000000000        1.0000000000000000     
   10250.000000000000        1.0000000000000000     
   10275.000000000000        1.0000000000000000     
   10300.000000000000        1.0000000000000000     
   10325.000000000000        1.0000000000000000     
   10350.000000000000        1.0000000000000000     
   10375.000000000000        1.0000000000000000     
   10400.000000000000        1.0000000000000000     
   10425.000000000000        1.0000000000000000     
   10450.000000000000        1.0000000000000000     
   10475.000000000000        1.0000000000000000     
   10500.000000000000        1.0000000000000000     
   10525.000000000000        1.0000000000000000     
   10550.000000000000        1.0000000000000000     
   10575.000000000000        1.0000000000000000     
   10600.000000000000        1.0000000000000000     
   10625.000000000000        1.0000000000000000     
   10650.000000000000        1.0000000000000000     
   10675.000000000000        1.0000000000000000     
   10700.000000000000        1.0000000000000000     
   10725.000000000000        1.0000000000000000     
   10750.000000000000        1.0000000000000000     
   10775.000000000000        1.0000000000000000     
   10800.000000000000        1.0000000000000000     
   10825.000000000000        1.0000000000000000     
   10850.000000000000        1.0000000000000000     
   10875.000000000000        1.0000000000000000     
   10900.000000000000        1.0000000000000000     
   10925.000000000000        1.0000000000000000     
   10950.000000000000        1.0000000000000000     
   10975.000000000000        1.0000000000000000     
   11000.000000000000        1.0000000000000000     
   11025.000000000000        1.0000000000000000     
   11050.000000000000        1.0000000000000000     
   11075.000000000000        1.0000000000000000     
   11100.000000000000        1.0000000000000000     
   11125.000000000000        1.0000000000000000     
   11150.000000000000        1.0000000000000000     
   11175.000000000000        1.0000000000000000     
   11200.000000000000        1.0000000000000000     
   11225.000000000000        1.0000000000000000     
   11250.000000000000        1.0000000000000000     
