VARIABLES = k,g0,g1,g2,g3,g4,a1,a2,a3,a4
  1.11334746D-07  7.96747373D-02  5.23869989D-04  2.26395097D-05  1.28391640D-03  2.13171234D-02  5.29826143D-05  2.63832240D-03  1.00906462D-01  4.55777755D-01
  1.36266566D-07  8.52815350D-02  5.23869989D-04  2.26735350D-05  1.50824331D-03  2.36291115D-02  1.00848658D-04  4.08710454D-03  1.19960706D-01  4.79094048D-01
  1.66115877D-07  9.00036377D-02  5.23869990D-04  2.27003552D-05  1.68726471D-03  2.55265665D-02  2.16767785D-04  7.38497566D-03  1.56250238D-01  5.22293603D-01
  2.01726786D-07  9.37613925D-02  5.23869990D-04  2.27194809D-05  1.82135979D-03  2.69993935D-02  4.37361553D-04  1.32407710D-02  2.06442469D-01  5.79223754D-01
  2.44067583D-07  1.02974254D-01  5.23934221D-04  8.52859416D-05  5.10437162D-03  3.41894314D-02  8.06580759D-04  2.24516206D-02  2.66272096D-01  6.42366201D-01
  2.94246088D-07  1.12533644D-01  5.24022055D-04  1.63032520D-04  8.87822956D-03  4.20105578D-02  1.36144304D-03  3.55584825D-02  3.31229083D-01  7.04508996D-01
  3.53526541D-07  1.23839293D-01  5.24099683D-04  2.30932151D-04  1.26253234D-02  5.07848713D-02  2.11775362D-03  5.25013589D-02  3.97103002D-01  7.60165878D-01
  4.23348170D-07  1.41672092D-01  5.24204831D-04  3.15420522D-04  1.79307268D-02  6.44793111D-02  3.06402561D-03  7.24871772D-02  4.60296729D-01  8.06256909D-01
  5.05345557D-07  1.63682856D-01  6.79267024D-04  4.18076075D-03  3.46648315D-02  8.58464331D-02  4.16735706D-03  9.41999954D-02  5.18053043D-01  8.41979615D-01
  6.01370944D-07  1.82498123D-01  7.95460318D-04  6.98729223D-03  4.71695621D-02  1.03117054D-01  5.38432553D-03  1.16228009D-01  5.68674321D-01  8.68168095D-01
  7.13518620D-07  1.99342127D-01  8.91344620D-04  9.21172573D-03  5.75711493D-02  1.18257717D-01  6.66353924D-03  1.37375476D-01  6.11507507D-01  8.86483146D-01
  8.44151550D-07  2.14065460D-01  9.59688608D-04  1.08096384D-02  6.56348712D-02  1.30896677D-01  7.93423318D-03  1.56618822D-01  6.46421228D-01  8.98637601D-01
  9.95930395D-07  2.28639506D-01  1.08555898D-03  1.32219150D-02  7.52270046D-02  1.44043846D-01  9.09287889D-03  1.72823102D-01  6.72970982D-01  9.05811610D-01
  1.17184510D-06  2.43521364D-01  1.29626952D-03  1.68374407D-02  8.70200012D-02  1.58100939D-01  1.00091993D-02  1.84611821D-01  6.89951229D-01  9.08452972D-01
  1.37524925D-06  2.57984408D-01  1.53627326D-03  2.08886000D-02  9.96127365D-02  1.72243921D-01  1.05612324D-02  1.90674644D-01  6.95893739D-01  9.06568830D-01
  1.60989730D-06  2.71057492D-01  1.69859458D-03  2.36947584D-02  1.09121994D-01  1.84158478D-01  1.06844430D-02  1.90389205D-01  6.90296094D-01  9.00338299D-01
  1.87998501D-06  2.83372640D-01  1.85241517D-03  2.63590759D-02  1.18246410D-01  1.95447797D-01  1.04050520D-02  1.84318068D-01  6.74688551D-01  8.90640135D-01
  2.19019319D-06  2.94707018D-01  1.96152698D-03  2.82804768D-02  1.25440138D-01  2.05304290D-01  9.83672164D-03  1.74204744D-01  6.52715674D-01  8.79138308D-01
  2.54573496D-06  3.04817787D-01  2.03859256D-03  2.96742175D-02  1.31095187D-01  2.13677119D-01  9.14489155D-03  1.62446894D-01  6.29124161D-01  8.67876894D-01
  2.95240684D-06  3.14363969D-01  2.10218069D-03  3.08225009D-02  1.36202937D-01  2.21508242D-01  8.50562312D-03  1.51354772D-01  6.08270704D-01  8.58652439D-01
  3.41664389D-06  3.24015430D-01  2.16685257D-03  3.20098365D-02  1.41584254D-01  2.29613988D-01  8.09474616D-03  1.42583906D-01  5.92969114D-01  8.52530310D-01
  3.94557900D-06  3.32537431D-01  2.22666684D-03  3.31359103D-02  1.46613815D-01  2.36881980D-01  8.14093680D-03  1.36979489D-01  5.84160699D-01  8.49726486D-01
  4.54710684D-06  3.41328215D-01  2.28089386D-03  3.41619508D-02  1.51377700D-01  2.44180400D-01  9.06733490D-03  1.34847804D-01  5.81367038D-01  8.49835656D-01
  5.22995258D-06  3.49624273D-01  2.34055944D-03  3.52255005D-02  1.56195879D-01  2.51245912D-01  1.17210749D-02  1.36508281D-01  5.83534641D-01  8.52222591D-01
  6.00374561D-06  3.58035652D-01  2.40321007D-03  3.63548190D-02  1.61112578D-01  2.58434724D-01  1.76275522D-02  1.42894888D-01  5.89833169D-01  8.56375019D-01
  6.87909880D-06  3.66653849D-01  2.47755172D-03  3.76261434D-02  1.66416406D-01  2.65944430D-01  2.91050097D-02  1.55922207D-01  6.00116335D-01  8.62094495D-01
  7.86769331D-06  3.74674767D-01  2.53082128D-03  3.85922339D-02  1.70965183D-01  2.72759681D-01  4.89979201D-02  1.78317154D-01  6.14936243D-01  8.69494644D-01
  8.98236949D-06  3.82226610D-01  2.58843812D-03  3.95972865D-02  1.75407365D-01  2.79220074D-01  7.98603097D-02  2.12745245D-01  6.35149421D-01  8.78842614D-01
  1.02372242D-05  3.89227742D-01  2.64363067D-03  4.06129729D-02  1.79956200D-01  2.85480820D-01  1.22726326D-01  2.60415217D-01  6.61281164D-01  8.90321322D-01
  1.16477146D-05  3.96241484D-01  2.68664999D-03  4.14705337D-02  1.84211095D-01  2.91631194D-01  1.76026204D-01  3.19804232D-01  6.92924185D-01  9.03812337D-01
  1.32307693D-05  4.03973684D-01  4.88866755D-03  4.49268330D-02  1.89882615D-01  2.98697941D-01  2.35394971D-01  3.86344768D-01  7.28477499D-01  9.18794018D-01
  1.50049069D-05  4.11586242D-01  7.48416238D-03  4.85965679D-02  1.95662295D-01  3.05801214D-01  2.94768412D-01  4.53529752D-01  7.65412088D-01  9.34408931D-01
  1.69903622D-05  4.20106777D-01  1.25427921D-02  5.51665388D-02  2.03089431D-01  3.14026899D-01  3.48377130D-01  5.15040162D-01  8.00992497D-01  9.49683870D-01
  1.92092206D-05  4.28405931D-01  1.59282553D-02  6.02835766D-02  2.10611575D-01  3.22298036D-01  3.92622753D-01  5.66796286D-01  8.33122452D-01  9.63810913D-01
  2.16855617D-05  4.37058094D-01  1.93974383D-02  6.51740359D-02  2.17883475D-01  3.30708471D-01  4.26918906D-01  6.07896264D-01  8.60903501D-01  9.76361478D-01
  2.44456117D-05  4.45135563D-01  2.29988308D-02  7.02378839D-02  2.25061123D-01  3.38710056D-01  4.53340886D-01  6.40208183D-01  8.84672865D-01  9.87338799D-01
  2.75179048D-05  4.54011772D-01  2.75969470D-02  7.66379080D-02  2.33234772D-01  3.47606768D-01  4.75653245D-01  6.67213079D-01  9.05587736D-01  9.97060894D-01
  3.09334558D-05  4.63473186D-01  3.25072850D-02  8.33636711D-02  2.41990789D-01  3.57129531D-01  4.98345954D-01  6.92861825D-01  9.25020297D-01  1.00594678D+00
  3.47259428D-05  4.72455794D-01  3.68352530D-02  8.95957590D-02  2.50336310D-01  3.66190951D-01  5.25808095D-01  7.20738181D-01  9.44019640D-01  1.01430624D+00
  3.89319000D-05  4.81043794D-01  4.07543572D-02  9.53469759D-02  2.58514241D-01  3.74971256D-01  5.61379139D-01  7.53361695D-01  9.62980096D-01  1.02221135D+00
  4.35909238D-05  4.89981775D-01  4.47589951D-02  1.01392955D-01  2.67074322D-01  3.84140083D-01  6.06212684D-01  7.91513275D-01  9.81568446D-01  1.02948754D+00
  4.87458899D-05  4.98997094D-01  5.03965709D-02  1.08891675D-01  2.76383187D-01  3.93626866D-01  6.58426607D-01  8.33847000D-01  9.98919623D-01  1.03581972D+00
  5.44431833D-05  5.08025637D-01  5.72106328D-02  1.17364341D-01  2.85967938D-01  4.03180786D-01  7.13246941D-01  8.77206267D-01  1.01404095D+00  1.04092486D+00
  6.07329417D-05  5.17662508D-01  6.55282722D-02  1.26797953D-01  2.96003450D-01  4.13306311D-01  7.64428214D-01  9.17725535D-01  1.02626327D+00  1.04471085D+00
  6.76693129D-05  5.27067693D-01  7.43755543D-02  1.36365815D-01  3.05701192D-01  4.23123869D-01  8.06443795D-01  9.52264175D-01  1.03553642D+00  1.04734793D+00
  7.53107268D-05  5.36452060D-01  8.35086524D-02  1.46291451D-01  3.15670326D-01  4.33007276D-01  8.36420903D-01  9.79479619D-01  1.04245193D+00  1.04922831D+00
  8.37201819D-05  5.46103095D-01  9.18028026D-02  1.55831369D-01  3.25808786D-01  4.43162039D-01  8.54938518D-01  1.00008872D+00  1.04802883D+00  1.05084780D+00
  9.29655488D-05  5.56018711D-01  9.96281739D-02  1.65474840D-01  3.35981973D-01  4.53491389D-01  8.65454902D-01  1.01633959D+00  1.05339754D+00  1.05267064D+00
  1.03119889D-04  5.66132051D-01  1.08979684D-01  1.76272645D-01  3.46668511D-01  4.64096572D-01  8.72779187D-01  1.03103871D+00  1.05950571D+00  1.05502635D+00
  1.14261794D-04  5.76069471D-01  1.17693928D-01  1.86734471D-01  3.57299933D-01  4.74629434D-01  8.81275021D-01  1.04650740D+00  1.06689950D+00  1.05805758D+00
  1.26475734D-04  5.85769998D-01  1.25080009D-01  1.96271497D-01  3.67536439D-01  4.84872964D-01  8.93416905D-01  1.06374727D+00  1.07559360D+00  1.06171692D+00
  1.39852439D-04  5.95087009D-01  1.32353230D-01  2.05524148D-01  3.77481045D-01  4.94792714D-01  9.09150891D-01  1.08207415D+00  1.08506556D+00  1.06580635D+00
  1.54489288D-04  6.04477355D-01  1.42210189D-01  2.16347101D-01  3.87673396D-01  5.04790099D-01  9.26303496D-01  1.09946768D+00  1.09444013D+00  1.07005633D+00
  1.70490720D-04  6.14150422D-01  1.52537364D-01  2.28718679D-01  3.98949054D-01  5.15309720D-01  9.41904995D-01  1.11364033D+00  1.10287512D+00  1.07423540D+00
  1.87968674D-04  6.23584410D-01  1.61645018D-01  2.39576218D-01  4.09615133D-01  5.25529087D-01  9.53793189D-01  1.12335276D+00  1.11000994D+00  1.07825836D+00
  2.07043042D-04  6.32770634D-01  1.70717675D-01  2.50040778D-01  4.19889077D-01  5.35485526D-01  9.61622244D-01  1.12918973D+00  1.11621541D+00  1.08223864D+00
  2.27842151D-04  6.41876588D-01  1.79271518D-01  2.59883613D-01  4.29847769D-01  5.45309952D-01  9.66736693D-01  1.13326325D+00  1.12244446D+00  1.08644106D+00
  2.50503261D-04  6.50789722D-01  1.87237520D-01  2.69322944D-01  4.39605033D-01  5.54932962D-01  9.71096335D-01  1.13802411D+00  1.12973471D+00  1.09114524D+00
  2.75173103D-04  6.59325712D-01  1.95625463D-01  2.78871181D-01  4.49127616D-01  5.64217280D-01  9.75994131D-01  1.14496386D+00  1.13866797D+00  1.09649469D+00
  3.02008423D-04  6.68024147D-01  2.04390469D-01  2.89237618D-01  4.59200463D-01  5.73813180D-01  9.81316502D-01  1.15399791D+00  1.14913103D+00  1.10242625D+00
  3.31176570D-04  6.76614728D-01  2.12430817D-01  2.99245891D-01  4.69360124D-01  5.83400057D-01  9.85659437D-01  1.16379515D+00  1.16051168D+00  1.10872663D+00
  3.62856102D-04  6.85133270D-01  2.21691961D-01  3.09494778D-01  4.79334578D-01  5.92911242D-01  9.87116015D-01  1.17272488D+00  1.17217414D+00  1.11517825D+00
  3.97237421D-04  6.93537097D-01  2.30338183D-01  3.19687799D-01  4.89415610D-01  6.02389812D-01  9.84275137D-01  1.17983204D+00  1.18390154D+00  1.12169859D+00
  4.34523445D-04  7.01604688D-01  2.38375684D-01  3.29326354D-01  4.99018491D-01  6.11464493D-01  9.76964483D-01  1.18537272D+00  1.19605130D+00  1.12838565D+00
  4.74930305D-04  7.09309526D-01  2.45882206D-01  3.38498013D-01  5.08207798D-01  6.20148394D-01  9.66446765D-01  1.19074144D+00  1.20936661D+00  1.13544790D+00
  5.18688074D-04  7.17039262D-01  2.53100809D-01  3.47342833D-01  5.17364589D-01  6.28895672D-01  9.55035772D-01  1.19789950D+00  1.22458193D+00  1.14307116D+00
  5.66041531D-04  7.24843956D-01  2.60293789D-01  3.56568364D-01  5.27036803D-01  6.37893033D-01  9.45347345D-01  1.20859666D+00  1.24205159D+00  1.15130820D+00
  6.17250962D-04  7.32582495D-01  2.67179038D-01  3.65699472D-01  5.36740530D-01  6.46878048D-01  9.39550197D-01  1.22374963D+00  1.26159032D+00  1.16005169D+00
  6.72592995D-04  7.40032547D-01  2.73605883D-01  3.74581986D-01  5.46238416D-01  6.55579472D-01  9.38953755D-01  1.24326019D+00  1.28257942D+00  1.16909162D+00
  7.32361466D-04  7.47471034D-01  2.80750214D-01  3.84331310D-01  5.56059352D-01  6.64362154D-01  9.44044525D-01  1.26630909D+00  1.30424213D+00  1.17820730D+00
  7.96868335D-04  7.54919911D-01  2.88383386D-01  3.94407923D-01  5.66097845D-01  6.73253096D-01  9.54767482D-01  1.29186207D+00  1.32591050D+00  1.18723347D+00
  8.66444632D-04  7.62283906D-01  2.94858216D-01  4.03705597D-01  5.75930176D-01  6.82034817D-01  9.70686297D-01  1.31900306D+00  1.34714063D+00  1.19606944D+00
  9.41441450D-04  7.69489148D-01  3.01349367D-01  4.12897082D-01  5.85629141D-01  6.90680744D-01  9.90839594D-01  1.34691182D+00  1.36766179D+00  1.20464433D+00
  1.02223098D-03  7.76575838D-01  3.08484869D-01  4.22823094D-01  5.95582180D-01  6.99306355D-01  1.01352662D+00  1.37467770D+00  1.38727060D+00  1.21288109D+00
  1.10920757D-03  7.83819501D-01  3.16338364D-01  4.33390165D-01  6.05952943D-01  7.08209287D-01  1.03649597D+00  1.40132896D+00  1.40580730D+00  1.22069709D+00
  1.20278890D-03  7.90755455D-01  3.24303288D-01  4.43429889D-01  6.15785776D-01  7.16722947D-01  1.05776748D+00  1.42625008D+00  1.42325359D+00  1.22804507D+00
  1.30341706D-03  7.97558204D-01  3.31850368D-01  4.53428273D-01  6.25645534D-01  7.25155581D-01  1.07675222D+00  1.44974314D+00  1.43985954D+00  1.23496075D+00
  1.41155988D-03  8.04333706D-01  3.39274842D-01  4.63497971D-01  6.35591472D-01  7.33598285D-01  1.09495777D+00  1.47326086D+00  1.45615488D+00  1.24157155D+00
  1.52771211D-03  8.10709693D-01  3.46096912D-01  4.72667958D-01  6.44831486D-01  7.41515856D-01  1.11572649D+00  1.49901425D+00  1.47277468D+00  1.24804534D+00
  1.65239677D-03  8.16991837D-01  3.52816815D-01  4.81913511D-01  6.54039524D-01  7.49353499D-01  1.14303557D+00  1.52909375D+00  1.49017424D+00  1.25450296D+00
  1.78616654D-03  8.23292470D-01  3.59228175D-01  4.91262317D-01  6.63482562D-01  7.57299057D-01  1.17995180D+00  1.56459467D+00  1.50841272D+00  1.26095138D+00
  1.92960516D-03  8.29349653D-01  3.66659010D-01  5.01030534D-01  6.72770887D-01  7.64986595D-01  1.22751195D+00  1.60524529D+00  1.52715947D+00  1.26728748D+00
  2.08332895D-03  8.35398550D-01  3.74280869D-01  5.11353990D-01  6.82363373D-01  7.72763823D-01  1.28453253D+00  1.64970475D+00  1.54592635D+00  1.27337523D+00
  2.24798831D-03  8.41251416D-01  3.82079614D-01  5.21148442D-01  6.91488941D-01  7.80261412D-01  1.34836201D+00  1.69628724D+00  1.56436626D+00  1.27914523D+00
  2.42426938D-03  8.46846991D-01  3.90086222D-01  5.30866778D-01  7.00279949D-01  7.87435055D-01  1.41617524D+00  1.74368382D+00  1.58244028D+00  1.28464910D+00
  2.61289564D-03  8.52242809D-01  3.98442836D-01  5.40621780D-01  7.08894917D-01  7.94386849D-01  1.48625023D+00  1.79138341D+00  1.60037611D+00  1.29003643D+00
  2.81462971D-03  8.57433151D-01  4.06430201D-01  5.50121310D-01  7.17236003D-01  8.01078060D-01  1.55875314D+00  1.83975222D+00  1.61850184D+00  1.29547844D+00
  3.03027511D-03  8.62608566D-01  4.14820987D-01  5.59974512D-01  7.25781885D-01  8.07825022D-01  1.63578090D+00  1.88986813D+00  1.63709452D+00  1.30109204D+00
  3.26067812D-03  8.67604854D-01  4.22942958D-01  5.69545036D-01  7.34064056D-01  8.14362683D-01  1.72067327D+00  1.94317449D+00  1.65630559D+00  1.30690265D+00
  3.50672975D-03  8.72411054D-01  4.31256609D-01  5.78864208D-01  7.42023886D-01  8.20649938D-01  1.81683984D+00  2.00097174D+00  1.67612591D+00  1.31284723D+00
  3.76936772D-03  8.77144076D-01  4.40061160D-01  5.88495373D-01  7.50045497D-01  8.26900534D-01  1.92650712D+00  2.06384756D+00  1.69634422D+00  1.31879816D+00
  4.04957856D-03  8.81625018D-01  4.49013272D-01  5.97913442D-01  7.57714331D-01  8.32837533D-01  2.04985017D+00  2.13130120D+00  1.71652848D+00  1.32459391D+00
  4.34839977D-03  8.86147396D-01  4.57925880D-01  6.07649159D-01  7.65603676D-01  8.38869296D-01  2.18488760D+00  2.20184371D+00  1.73611090D+00  1.33007733D+00
  4.66692204D-03  8.90506435D-01  4.68654398D-01  6.17899100D-01  7.73344479D-01  8.44703882D-01  2.32821530D+00  2.27361757D+00  1.75460100D+00  1.33514164D+00
  5.00629161D-03  8.94678876D-01  4.79501843D-01  6.28046207D-01  7.80867294D-01  8.50325589D-01  2.47617330D+00  2.34518997D+00  1.77182625D+00  1.33976981D+00
  5.36771265D-03  8.98719310D-01  4.90205952D-01  6.37808057D-01  7.88082619D-01  8.55756148D-01  2.62570961D+00  2.41596816D+00  1.78803016D+00  1.34404259D+00
  5.75244974D-03  9.02602597D-01  5.00259646D-01  6.46975207D-01  7.94944282D-01  8.60963803D-01  2.77443525D+00  2.48593064D+00  1.80373185D+00  1.34810185D+00
  6.16183051D-03  9.06253303D-01  5.10715744D-01  6.56236243D-01  8.01594245D-01  8.65907595D-01  2.92009773D+00  2.55492890D+00  1.81942280D+00  1.35208452D+00
  6.59724821D-03  9.09794647D-01  5.22218356D-01  6.65781267D-01  8.08102499D-01  8.70707796D-01  3.06023424D+00  2.62218584D+00  1.83529995D+00  1.35606353D+00
  7.06016460D-03  9.13169595D-01  5.33588448D-01  6.75051945D-01  8.14321534D-01  8.75283044D-01  3.19248197D+00  2.68641517D+00  1.85120026D+00  1.36002860D+00
  7.55211269D-03  9.16451860D-01  5.44689948D-01  6.84300035D-01  8.20550740D-01  8.79787840D-01  3.31522045D+00  2.74640193D+00  1.86674412D+00  1.36391166D+00
  8.07469981D-03  9.19610073D-01  5.54923910D-01  6.92993521D-01  8.26502598D-01  8.84113431D-01  3.42785194D+00  2.80151001D+00  1.88155361D+00  1.36763355D+00
  8.62961058D-03  9.22685835D-01  5.65993951D-01  7.01747690D-01  8.32298967D-01  8.88321541D-01  3.53051609D+00  2.85175715D+00  1.89539507D+00  1.37114019D+00
  9.21861015D-03  9.25651705D-01  5.77152393D-01  7.10465051D-01  8.37970196D-01  8.92397713D-01  3.62372618D+00  2.89755488D+00  1.90819073D+00  1.37441155D+00
  9.84354743D-03  9.28551716D-01  5.88178673D-01  7.19152709D-01  8.43591306D-01  8.96406209D-01  3.70841873D+00  2.93943982D+00  1.91994656D+00  1.37744900D+00
  1.05063585D-02  9.31317483D-01  5.98715294D-01  7.27392338D-01  8.48923536D-01  9.00222249D-01  3.78624161D+00  2.97795749D+00  1.93067529D+00  1.38025802D+00
  1.12090701D-02  9.34006386D-01  6.08862544D-01  7.35430403D-01  8.54141111D-01  9.03941535D-01  3.85942622D+00  3.01359603D+00  1.94035933D+00  1.38283911D+00
  1.19538032D-02  9.36703801D-01  6.19566728D-01  7.43725090D-01  8.59421053D-01  9.07680468D-01  3.92992309D+00  3.04664095D+00  1.94895831D+00  1.38519013D+00
  1.27427768D-02  9.39244745D-01  6.29493621D-01  7.51493274D-01  8.64399260D-01  9.11207567D-01  3.99831213D+00  3.07702580D+00  1.95645145D+00  1.38731710D+00
  1.35783119D-02  9.41715490D-01  6.39356697D-01  7.59180472D-01  8.69278098D-01  9.14650018D-01  4.06346033D+00  3.10440279D+00  1.96290255D+00  1.38924774D+00
  1.44628351D-02  9.44070580D-01  6.49616000D-01  7.66714223D-01  8.73926689D-01  9.17925385D-01  4.12345877D+00  3.12853947D+00  1.96852419D+00  1.39104035D+00
  1.53988831D-02  9.46350036D-01  6.59561259D-01  7.74009650D-01  8.78419541D-01  9.21095150D-01  4.17733415D+00  3.14984669D+00  1.97370523D+00  1.39278175D+00
  1.63891068D-02  9.48513051D-01  6.68618130D-01  7.80851848D-01  8.82691970D-01  9.24109125D-01  4.22630399D+00  3.16965490D+00  1.97897420D+00  1.39457390D+00
  1.74362756D-02  9.50645981D-01  6.77437963D-01  7.87530232D-01  8.86916597D-01  9.27090609D-01  4.27364306D+00  3.18999315D+00  1.98490436D+00  1.39651576D+00
  1.85432822D-02  9.52691676D-01  6.85902573D-01  7.93934723D-01  8.90952365D-01  9.29944563D-01  4.32333471D+00  3.21299461D+00  1.99200042D+00  1.39868899D+00
  1.97131469D-02  9.54657933D-01  6.94772803D-01  8.00371738D-01  8.94880058D-01  9.32697243D-01  4.37856645D+00  3.24031533D+00  2.00061511D+00  1.40115130D+00
  2.09490224D-02  9.56537910D-01  7.03204066D-01  8.06517370D-01  8.98644333D-01  9.35333209D-01  4.44098266D+00  3.27286276D+00  2.01091844D+00  1.40393503D+00
  2.22541992D-02  9.58353812D-01  7.11187221D-01  8.12460384D-01  9.02313359D-01  9.37887829D-01  4.51071813D+00  3.31080468D+00  2.02290338D+00  1.40704556D+00
  2.36321104D-02  9.60055027D-01  7.18835639D-01  8.18083005D-01  9.05763208D-01  9.40284939D-01  4.58662439D+00  3.35362381D+00  2.03639368D+00  1.41045682D+00
  2.50863369D-02  9.61678236D-01  7.26371643D-01  8.23545296D-01  9.09068219D-01  9.42574323D-01  4.66632286D+00  3.40008983D+00  2.05104065D+00  1.41410710D+00
  2.66206128D-02  9.63252752D-01  7.33919767D-01  8.28995656D-01  9.12320221D-01  9.44806419D-01  4.74631756D+00  3.44827134D+00  2.06633595D+00  1.41790375D+00
  2.82388315D-02  9.64768981D-01  7.41428704D-01  8.34388195D-01  9.15500077D-01  9.46967605D-01  4.82260222D+00  3.49579987D+00  2.08168325D+00  1.42174409D+00
  2.99450507D-02  9.66226693D-01  7.48509710D-01  8.39536735D-01  9.18562685D-01  9.49048914D-01  4.89181466D+00  3.54043401D+00  2.09653690D+00  1.42554923D+00
  3.17434990D-02  9.67597437D-01  7.55495782D-01  8.44539208D-01  9.21467388D-01  9.51005976D-01  4.95247764D+00  3.58072430D+00  2.11055678D+00  1.42929492D+00
  3.36385814D-02  9.68949757D-01  7.62313688D-01  8.49475672D-01  9.24351959D-01  9.52946189D-01  5.00568054D+00  3.61646322D+00  2.12369617D+00  1.43301965D+00
  3.56348862D-02  9.70276441D-01  7.69106737D-01  8.54350684D-01  9.27187710D-01  9.54851550D-01  5.05478852D+00  3.64869121D+00  2.13616808D+00  1.43680139D+00
  3.77371912D-02  9.71552478D-01  7.75383001D-01  8.58978530D-01  9.29913979D-01  9.56684995D-01  5.10423853D+00  3.67925529D+00  2.14831093D+00  1.44071400D+00
  3.99504703D-02  9.72771544D-01  7.81562348D-01  8.63461756D-01  9.32536282D-01  9.58441330D-01  5.15794866D+00  3.71015541D+00  2.16044676D+00  1.44479160D+00
  4.22799003D-02  9.73976842D-01  7.87898955D-01  8.67970977D-01  9.35160423D-01  9.60189783D-01  5.21807703D+00  3.74302332D+00  2.17283581D+00  1.44902804D+00
  4.47308683D-02  9.75156479D-01  7.94109116D-01  8.72419446D-01  9.37745337D-01  9.61907772D-01  5.28467177D+00  3.77897439D+00  2.18575985D+00  1.45341664D+00
  4.73089786D-02  9.76297763D-01  8.00185001D-01  8.76790056D-01  9.40269084D-01  9.63576389D-01  5.35628096D+00  3.81881275D+00  2.19965493D+00  1.45800280D+00
  5.00200606D-02  9.77370317D-01  8.05944896D-01  8.80875113D-01  9.42625289D-01  9.65141171D-01  5.43115761D+00  3.86334684D+00  2.21515531D+00  1.46290592D+00
  5.28701759D-02  9.78400376D-01  8.11802706D-01  8.84886755D-01  9.44886007D-01  9.66643304D-01  5.50851717D+00  3.91354884D+00  2.23296529D+00  1.46828509D+00
  5.58656268D-02  9.79389303D-01  8.17324892D-01  8.88799335D-01  9.47104083D-01  9.68097995D-01  5.58936919D+00  3.97045591D+00  2.25360864D+00  1.47426442D+00
  5.90129640D-02  9.80357649D-01  8.22622884D-01  8.92612105D-01  9.49291259D-01  9.69529570D-01  5.67663603D+00  4.03490357D+00  2.27720480D+00  1.48086541D+00
  6.23189951D-02  9.81268665D-01  8.27904392D-01  8.96342917D-01  9.51381776D-01  9.70883445D-01  5.77449648D+00  4.10724980D+00  2.30340264D+00  1.48798792D+00
  6.57907934D-02  9.82140854D-01  8.32974548D-01  8.99985581D-01  9.53419519D-01  9.72189239D-01  5.88706004D+00  4.18716313D+00  2.33148635D+00  1.49544550D+00
  6.94357064D-02  9.82975036D-01  8.37873735D-01  9.03511751D-01  9.55387136D-01  9.73444167D-01  6.01658167D+00  4.27342765D+00  2.36055454D+00  1.50302380D+00
  7.32613649D-02  9.83768334D-01  8.42700154D-01  9.06983570D-01  9.57296943D-01  9.74646587D-01  6.16162819D+00  4.36372108D+00  2.38965091D+00  1.51052162D+00
  7.72756926D-02  9.84533735D-01  8.47376817D-01  9.10341619D-01  9.59133393D-01  9.75804028D-01  6.31599098D+00  4.45449501D+00  2.41780073D+00  1.51775508D+00
  8.14869155D-02  9.85263386D-01  8.52045161D-01  9.13654344D-01  9.60923219D-01  9.76917610D-01  6.46933767D+00  4.54124852D+00  2.44400899D+00  1.52453847D+00
  8.59035715D-02  9.85952073D-01  8.56975755D-01  9.16983598D-01  9.62650199D-01  9.77977008D-01  6.60999953D+00  4.61937587D+00  2.46731482D+00  1.53067335D+00
  9.05345211D-02  9.86608552D-01  8.61619445D-01  9.20148980D-01  9.64303789D-01  9.78990349D-01  6.72892184D+00  4.68536435D+00  2.48694166D+00  1.53596940D+00
  9.53889570D-02  9.87259340D-01  8.66049913D-01  9.23232987D-01  9.65939030D-01  9.79995024D-01  6.82272030D+00  4.73776802D+00  2.50249243D+00  1.54029418D+00
  1.00476415D-01  9.87904942D-01  8.70493197D-01  9.26332753D-01  9.67570656D-01  9.80994701D-01  6.89416261D+00  4.77746789D+00  2.51409501D+00  1.54362749D+00
  1.05806786D-01  9.88510859D-01  8.74659141D-01  9.29270551D-01  9.69116864D-01  9.81936393D-01  6.95011445D+00  4.80720285D+00  2.52242946D+00  1.54609142D+00
  1.11390326D-01  9.89080978D-01  8.78672563D-01  9.32031170D-01  9.70555754D-01  9.82818256D-01  6.99856487D+00  4.83075810D+00  2.52861845D+00  1.54793758D+00
  1.17237666D-01  9.89637170D-01  8.82626517D-01  9.34749039D-01  9.71967606D-01  9.83680700D-01  7.04645489D+00  4.85218214D+00  2.53399410D+00  1.54948872D+00
  1.23359829D-01  9.90164932D-01  8.86337612D-01  9.37287406D-01  9.73292428D-01  9.84495323D-01  7.09888457D+00  4.87512043D+00  2.53977994D+00  1.55104969D+00
  1.29768236D-01  9.90686603D-01  8.90020715D-01  9.39803822D-01  9.74608872D-01  9.85302765D-01  7.15920511D+00  4.90221120D+00  2.54676693D+00  1.55281752D+00
  1.36474722D-01  9.91176670D-01  8.93495069D-01  9.42197196D-01  9.75861267D-01  9.86065482D-01  7.22940226D+00  4.93462951D+00  2.55509612D+00  1.55482503D+00
  1.43491549D-01  9.91655449D-01  8.96983467D-01  9.44566115D-01  9.77085291D-01  9.86810403D-01  7.31066614D+00  4.97203053D+00  2.56424279D+00  1.55694022D+00
  1.50831418D-01  9.92116382D-01  9.00462604D-01  9.46923607D-01  9.78284651D-01  9.87531629D-01  7.40420732D+00  5.01303951D+00  2.57322299D+00  1.55892103D+00
  1.58507480D-01  9.92559528D-01  9.03741193D-01  9.49134581D-01  9.79421263D-01  9.88221989D-01  7.51197408D+00  5.05610786D+00  2.58096005D+00  1.56050686D+00
  1.66533356D-01  9.92983582D-01  9.06920652D-01  9.51314087D-01  9.80537162D-01  9.88889007D-01  7.63658422D+00  5.10031194D+00  2.58669848D+00  1.56151966D+00
  1.74923144D-01  9.93383633D-01  9.09960069D-01  9.53365543D-01  9.81579974D-01  9.89515788D-01  7.78014245D+00  5.14572406D+00  2.59033568D+00  1.56194487D+00
  1.83691439D-01  9.93769070D-01  9.12983994D-01  9.55373618D-01  9.82585007D-01  9.90119030D-01  7.94248960D+00  5.19325024D+00  2.59254677D+00  1.56196227D+00
  1.92853344D-01  9.94134031D-01  9.15882072D-01  9.57252853D-01  9.83522799D-01  9.90687091D-01  8.12002470D+00  5.24408665D+00  2.59462527D+00  1.56190618D+00
  2.02424488D-01  9.94476124D-01  9.18798224D-01  9.59076726D-01  9.84405607D-01  9.91219809D-01  8.30601320D+00  5.29907805D+00  2.59807005D+00  1.56216211D+00
  2.12421040D-01  9.94795418D-01  9.21524569D-01  9.60768528D-01  9.85223659D-01  9.91715594D-01  8.49246242D+00  5.35828089D+00  2.60408070D+00  1.56304001D+00
  2.22859724D-01  9.95102652D-01  9.24175566D-01  9.62410878D-01  9.86017830D-01  9.92194532D-01  8.67284899D+00  5.42095187D+00  2.61318122D+00  1.56467910D+00
  2.33757839D-01  9.95405679D-01  9.26932376D-01  9.64106967D-01  9.86818905D-01  9.92670354D-01  8.84461946D+00  5.48596978D+00  2.62511217D+00  1.56701915D+00
  2.45133271D-01  9.95690903D-01  9.29531336D-01  9.65699153D-01  9.87570688D-01  9.93117839D-01  9.01042807D+00  5.55241125D+00  2.63896712D+00  1.56983309D+00
  2.57004514D-01  9.95965289D-01  9.32034614D-01  9.67239345D-01  9.88300200D-01  9.93549837D-01  9.17741932D+00  5.61985481D+00  2.65343668D+00  1.57278881D+00
  2.69390684D-01  9.96232294D-01  9.34449594D-01  9.68717320D-01  9.89001907D-01  9.93968337D-01  9.35457359D+00  5.68818496D+00  2.66705121D+00  1.57551399D+00
  2.82311542D-01  9.96484269D-01  9.36816436D-01  9.70191223D-01  9.89694576D-01  9.94370069D-01  9.54915163D+00  5.75711988D+00  2.67842405D+00  1.57766194D+00
  2.95787505D-01  9.96723514D-01  9.39115169D-01  9.71585860D-01  9.90343343D-01  9.94749389D-01  9.76406458D+00  5.82600925D+00  2.68655270D+00  1.57898745D+00
  3.09839673D-01  9.96948865D-01  9.41344361D-01  9.72908343D-01  9.90951927D-01  9.95105958D-01  9.99781235D+00  5.89431325D+00  2.69116376D+00  1.57942498D+00
  3.24489843D-01  9.97154302D-01  9.43493024D-01  9.74149466D-01  9.91509998D-01  9.95431382D-01  1.02472680D+01  5.96263179D+00  2.69295925D+00  1.57913561D+00
  3.39760529D-01  9.97349817D-01  9.45580712D-01  9.75350752D-01  9.92044081D-01  9.95741600D-01  1.05117890D+01  6.03360804D+00  2.69356770D+00  1.57848253D+00
  3.55674985D-01  9.97538490D-01  9.47568741D-01  9.76466432D-01  9.92537121D-01  9.96035982D-01  1.07961618D+01  6.11192289D+00  2.69510204D+00  1.57792165D+00
  3.72257223D-01  9.97715217D-01  9.49538026D-01  9.77562886D-01  9.93012461D-01  9.96314469D-01  1.11105062D+01  6.20309177D+00  2.69944510D+00  1.57784282D+00
  3.89532035D-01  9.97889214D-01  9.51398827D-01  9.78600740D-01  9.93470756D-01  9.96586820D-01  1.14670700D+01  6.31157907D+00  2.70758898D+00  1.57843634D+00
  4.07525016D-01  9.98041274D-01  9.53176270D-01  9.79565204D-01  9.93880638D-01  9.96826391D-01  1.18755115D+01  6.43923412D+00  2.71937340D+00  1.57965476D+00
  4.26262582D-01  9.98185471D-01  9.54955715D-01  9.80537884D-01  9.94285032D-01  9.97056672D-01  1.23387418D+01  6.58478088D+00  2.73373377D+00  1.58128231D+00
  4.45771998D-01  9.98322024D-01  9.56656140D-01  9.81458521D-01  9.94666226D-01  9.97274159D-01  1.28508477D+01  6.74433231D+00  2.74923917D+00  1.58305386D+00
  4.66081399D-01  9.98450215D-01  9.58333470D-01  9.82316431D-01  9.95012214D-01  9.97475488D-01  1.33979964D+01  6.91245587D+00  2.76456871D+00  1.58474340D+00
  4.87219810D-01  9.98566343D-01  9.59954091D-01  9.83125619D-01  9.95329228D-01  9.97658120D-01  1.39628743D+01  7.08359845D+00  2.77876818D+00  1.58619415D+00
  5.09217176D-01  9.98669576D-01  9.61522306D-01  9.83909187D-01  9.95627433D-01  9.97824216D-01  1.45323115D+01  7.25409596D+00  2.79142382D+00  1.58733149D+00
  5.32104384D-01  9.98767973D-01  9.63065684D-01  9.84663502D-01  9.95908589D-01  9.97981684D-01  1.51057410D+01  7.42467341D+00  2.80294015D+00  1.58821057D+00
  5.55913288D-01  9.98861752D-01  9.64512919D-01  9.85364215D-01  9.96169437D-01  9.98130078D-01  1.57003075D+01  7.60237688D+00  2.81485716D+00  1.58908967D+00
  5.80676735D-01  9.98952472D-01  9.65935744D-01  9.86055285D-01  9.96423792D-01  9.98273945D-01  1.63489937D+01  7.80039479D+00  2.82988909D+00  1.59045782D+00
  6.06428592D-01  9.99035471D-01  9.67282458D-01  9.86690677D-01  9.96653792D-01  9.98404983D-01  1.70916011D+01  8.03503620D+00  2.85140684D+00  1.59294739D+00
  6.33203774D-01  9.99111486D-01  9.68558564D-01  9.87291969D-01  9.96869370D-01  9.98525872D-01  1.79624680D+01  8.32073461D+00  2.88239314D+00  1.59712746D+00
  6.61038269D-01  9.99175771D-01  9.69777032D-01  9.87840517D-01  9.97053452D-01  9.98628043D-01  1.89803386D+01  8.66509253D+00  2.92423068D+00  1.60324976D+00
  6.89969168D-01  9.99238378D-01  9.70935735D-01  9.88361769D-01  9.97228874D-01  9.98726735D-01  2.01439357D+01  9.06597431D+00  2.97585622D+00  1.61106505D+00
  7.20034692D-01  9.99289596D-01  9.72063987D-01  9.88864044D-01  9.97388079D-01  9.98810521D-01  2.14334760D+01  9.51174898D+00  3.03376473D+00  1.61982341D+00
  7.51274227D-01  9.99338805D-01  9.73177607D-01  9.89357501D-01  9.97542150D-01  9.98891189D-01  2.28162478D+01  9.98461150D+00  3.09304340D+00  1.62850251D+00
  7.83728344D-01  9.99385128D-01  9.74247944D-01  9.89835768D-01  9.97693534D-01  9.98968517D-01  2.42544158D+01  1.04659148D+01  3.14910732D+00  1.63618561D+00
  8.17438842D-01  9.99422051D-01  9.75267908D-01  9.90267605D-01  9.97815936D-01  9.99029822D-01  2.57142020D+01  1.09418337D+01  3.19935701D+00  1.64240483D+00
  8.52448769D-01  9.99457822D-01  9.76229846D-01  9.90671159D-01  9.97930023D-01  9.99088261D-01  2.71755090D+01  1.14075561D+01  3.24394669D+00  1.64726795D+00
  8.88802459D-01  9.99492420D-01  9.77211238D-01  9.91077410D-01  9.98042820D-01  9.99145246D-01  2.86392672D+01  1.18685816D+01  3.28535126D+00  1.65131849D+00
  9.26545565D-01  9.99522929D-01  9.78197963D-01  9.91470785D-01  9.98144677D-01  9.99195673D-01  3.01281327D+01  1.23385461D+01  3.32711717D+00  1.65524640D+00
  9.65725090D-01  9.99554719D-01  9.79119763D-01  9.91846247D-01  9.98247124D-01  9.99247726D-01  3.16775684D+01  1.28341909D+01  3.37256369D+00  1.65963722D+00
  1.00638942D+00  9.99583138D-01  9.80035706D-01  9.92223077D-01  9.98347123D-01  9.99295755D-01  3.33195284D+01  1.33693036D+01  3.42402646D+00  1.66487569D+00
  1.04858838D+00  9.99608466D-01  9.80900068D-01  9.92566566D-01  9.98433856D-01  9.99337871D-01  3.50665556D+01  1.39500485D+01  3.48272959D+00  1.67118112D+00
  1.09237321D+00  9.99629283D-01  9.81696516D-01  9.92875651D-01  9.98506687D-01  9.99372446D-01  3.69049285D+01  1.45734787D+01  3.54898415D+00  1.67867182D+00
  1.13779669D+00  9.99650941D-01  9.82516696D-01  9.93194827D-01  9.98582899D-01  9.99408582D-01  3.87998864D+01  1.52293529D+01  3.62239190D+00  1.68738471D+00
  1.18491310D+00  9.99670043D-01  9.83323585D-01  9.93510415D-01  9.98655743D-01  9.99441430D-01  4.07080576D+01  1.59036910D+01  3.70196034D+00  1.69725755D+00
  1.23377829D+00  9.99688027D-01  9.84069501D-01  9.93798398D-01  9.98721386D-01  9.99471704D-01  4.25882032D+01  1.65818385D+01  3.78619998D+00  1.70812278D+00
  1.28444972D+00  9.99702509D-01  9.84750478D-01  9.94062069D-01  9.98779289D-01  9.99496855D-01  4.44038784D+01  1.72494783D+01  3.87323396D+00  1.71973165D+00
  1.33698650D+00  9.99717194D-01  9.85412357D-01  9.94319394D-01  9.98837023D-01  9.99522266D-01  4.61182851D+01  1.78915727D+01  3.96084777D+00  1.73177994D+00
  1.39144943D+00  9.99730589D-01  9.86050794D-01  9.94567249D-01  9.98890691D-01  9.99545464D-01  4.76880293D+01  1.84909002D+01  4.04645397D+00  1.74390455D+00
  1.44790101D+00  9.99742538D-01  9.86667926D-01  9.94803981D-01  9.98940882D-01  9.99566520D-01  4.90647967D+01  1.90287204D+01  4.12713523D+00  1.75566601D+00
  1.50640554D+00  9.99754664D-01  9.87283334D-01  9.95041911D-01  9.98991860D-01  9.99587952D-01  5.02097679D+01  1.94891555D+01  4.20000517D+00  1.76656695D+00
  1.56702911D+00  9.99765299D-01  9.87863527D-01  9.95267229D-01  9.99039202D-01  9.99607146D-01  5.11157859D+01  1.98659844D+01  4.26289116D+00  1.77613072D+00
  1.62983967D+00  9.99775356D-01  9.88403230D-01  9.95476092D-01  9.99083386D-01  9.99625199D-01  5.18227583D+01  2.01674706D+01  4.31493914D+00  1.78399696D+00
  1.69490708D+00  9.99785789D-01  9.88945594D-01  9.95687793D-01  9.99128889D-01  9.99643921D-01  5.24111533D+01  2.04145396D+01  4.35659286D+00  1.78995432D+00
  1.76230313D+00  9.99795944D-01  9.89452087D-01  9.95888202D-01  9.99172752D-01  9.99662084D-01  5.29704658D+01  2.06314156D+01  4.38877597D+00  1.79387425D+00
  1.83210160D+00  9.99805989D-01  9.89956889D-01  9.96089935D-01  9.99216976D-01  9.99680213D-01  5.35571633D+01  2.08333542D+01  4.41175924D+00  1.79560099D+00
  1.90437832D+00  9.99814655D-01  9.90452526D-01  9.96281472D-01  9.99256483D-01  9.99695938D-01  5.41660876D+01  2.10187998D+01  4.42454485D+00  1.79490549D+00
  1.97921120D+00  9.99822888D-01  9.90918050D-01  9.96461205D-01  9.99293878D-01  9.99710846D-01  5.47326616D+01  2.11708379D+01  4.42531440D+00  1.79157359D+00
  2.05668028D+00  9.99831122D-01  9.91364360D-01  9.96633778D-01  9.99330544D-01  9.99725678D-01  5.51661778D+01  2.12674479D+01  4.41281829D+00  1.78560587D+00
  2.13686779D+00  9.99838319D-01  9.91778229D-01  9.96790999D-01  9.99362545D-01  9.99738510D-01  5.53993889D+01  2.12958851D+01  4.38804789D+00  1.77742982D+00
  2.21985820D+00  9.99845622D-01  9.92220441D-01  9.96957429D-01  9.99395413D-01  9.99751557D-01  5.54332487D+01  2.12651438D+01  4.35538098D+00  1.76800755D+00
  2.30573826D+00  9.99852570D-01  9.92601180D-01  9.97103345D-01  9.99424931D-01  9.99763654D-01  5.53564437D+01  2.12107744D+01  4.32252635D+00  1.75875222D+00
  2.39459705D+00  9.99859564D-01  9.92978684D-01  9.97249055D-01  9.99454554D-01  9.99775828D-01  5.53259985D+01  2.11879108D+01  4.29892614D+00  1.75122968D+00
  2.48652607D+00  9.99866921D-01  9.93358011D-01  9.97393667D-01  9.99484136D-01  9.99788360D-01  5.55099927D+01  2.12525562D+01  4.29287173D+00  1.74671102D+00
  2.58161926D+00  9.99873633D-01  9.93699427D-01  9.97525411D-01  9.99511282D-01  9.99799815D-01  5.60142069D+01  2.14378667D+01  4.30836862D+00  1.74573649D+00
  2.67997304D+00  9.99879697D-01  9.94019467D-01  9.97649896D-01  9.99536789D-01  9.99810320D-01  5.68287820D+01  2.17371628D+01  4.34324711D+00  1.74788695D+00
  2.78168643D+00  9.99884853D-01  9.94338138D-01  9.97770292D-01  9.99560229D-01  9.99819462D-01  5.78245307D+01  2.21034600D+01  4.38959668D+00  1.75187833D+00
  2.88686105D+00  9.99889697D-01  9.94641715D-01  9.97885686D-01  9.99582624D-01  9.99828086D-01  5.88014360D+01  2.24661991D+01  4.43636818D+00  1.75592742D+00
  2.99560121D+00  9.99894365D-01  9.94929244D-01  9.97995147D-01  9.99603930D-01  9.99836344D-01  5.95623573D+01  2.27559312D+01  4.47279664D+00  1.75820424D+00
  3.10801394D+00  9.99899079D-01  9.95219572D-01  9.98105555D-01  9.99625430D-01  9.99844685D-01  5.99744148D+01  2.29245100D+01  4.49106401D+00  1.75719127D+00
  3.22420909D+00  9.99903939D-01  9.95522561D-01  9.98220691D-01  9.99647791D-01  9.99853328D-01  5.99940759D+01  2.29534228D+01  4.48742245D+00  1.75188958D+00
  3.34429937D+00  9.99908846D-01  9.95823169D-01  9.98336371D-01  9.99670418D-01  9.99862080D-01  5.96557564D+01  2.28509539D+01  4.46202946D+00  1.74192081D+00
  3.46840042D+00  9.99913119D-01  9.96077818D-01  9.98434721D-01  9.99689642D-01  9.99869546D-01  5.90402968D+01  2.26436354D+01  4.41819752D+00  1.72758486D+00
  3.59663087D+00  9.99917209D-01  9.96311072D-01  9.98525818D-01  9.99707615D-01  9.99876596D-01  5.82429632D+01  2.23673795D+01  4.36157633D+00  1.70988109D+00
  3.72911240D+00  9.99921029D-01  9.96529792D-01  9.98608845D-01  9.99723733D-01  9.99882998D-01  5.73552142D+01  2.20614879D+01  4.29946786D+00  1.69047512D+00
  3.86596983D+00  9.99924640D-01  9.96733480D-01  9.98685966D-01  9.99738722D-01  9.99888983D-01  5.64652681D+01  2.17666768D+01  4.24034338D+00  1.67161333D+00
  4.00733117D+00  9.99928003D-01  9.96926711D-01  9.98760148D-01  9.99753007D-01  9.99894558D-01  5.56711244D+01  2.15261569D+01  4.19352384D+00  1.65598628D+00
  4.15332769D+00  9.99931446D-01  9.97114124D-01  9.98832580D-01  9.99766999D-01  9.99900103D-01  5.50895735D+01  2.13862169D+01  4.16868685D+00  1.64648177D+00
  4.30409401D+00  9.99934759D-01  9.97274960D-01  9.98895924D-01  9.99779442D-01  9.99905196D-01  5.48435286D+01  2.13914249D+01  4.17460167D+00  1.64571546D+00
  4.45976814D+00  9.99937943D-01  9.97451907D-01  9.98965587D-01  9.99793047D-01  9.99910490D-01  5.50228812D+01  2.15721127D+01  4.21676670D+00  1.65530274D+00
  4.62049158D+00  9.99941323D-01  9.97617798D-01  9.99031092D-01  9.99805901D-01  9.99915690D-01  5.56354663D+01  2.19281379D+01  4.29456458D+00  1.67506585D+00
  4.78640939D+00  9.99944263D-01  9.97769455D-01  9.99090966D-01  9.99817669D-01  9.99920384D-01  5.65792854D+01  2.24186806D+01  4.39952756D+00  1.70259769D+00
  4.95767027D+00  9.99946754D-01  9.97930481D-01  9.99154358D-01  9.99830064D-01  9.99925019D-01  5.76606824D+01  2.29673520D+01  4.51632244D+00  1.73358582D+00
  5.13442660D+00  9.99948989D-01  9.98070148D-01  9.99210406D-01  9.99841114D-01  9.99929152D-01  5.86559609D+01  2.34835771D+01  4.62671667D+00  1.76293744D+00
  5.31683459D+00  9.99951061D-01  9.98201614D-01  9.99262743D-01  9.99851345D-01  9.99932968D-01  5.93845091D+01  2.38904656D+01  4.71490168D+00  1.78625467D+00
  5.50505430D+00  9.99953105D-01  9.98322952D-01  9.99312548D-01  9.99861283D-01  9.99936708D-01  5.97538463D+01  2.41449035D+01  4.77162768D+00  1.80097638D+00
  5.69924974D+00  9.99955337D-01  9.98456726D-01  9.99368321D-01  9.99872519D-01  9.99940892D-01  5.97586057D+01  2.42413339D+01  4.79542487D+00  1.80672481D+00
  5.89958897D+00  9.99957153D-01  9.98564861D-01  9.99412041D-01  9.99881175D-01  9.99944166D-01  5.94480482D+01  2.42016685D+01  4.79101797D+00  1.80487696D+00
  6.10624415D+00  9.99958763D-01  9.98664091D-01  9.99451732D-01  9.99888920D-01  9.99947065D-01  5.88927553D+01  2.40608907D+01  4.76641642D+00  1.79774512D+00
  6.31939166D+00  9.99960260D-01  9.98753770D-01  9.99487857D-01  9.99895978D-01  9.99949724D-01  5.81702683D+01  2.38566269D+01  4.73025432D+00  1.78779165D+00
  6.53921218D+00  9.99961788D-01  9.98838706D-01  9.99523569D-01  9.99903137D-01  9.99952439D-01  5.73661038D+01  2.36244495D+01  4.69010241D+00  1.77710323D+00
  6.76589077D+00  9.99963210D-01  9.98919922D-01  9.99557063D-01  9.99909776D-01  9.99954955D-01  5.65729516D+01  2.33954542D+01  4.65158295D+00  1.76712396D+00
  6.99961696D+00  9.99964510D-01  9.98990916D-01  9.99586457D-01  9.99915614D-01  9.99957199D-01  5.58760711D+01  2.31925027D+01  4.61783700D+00  1.75854940D+00
  7.24058485D+00  9.99965823D-01  9.99059555D-01  9.99615650D-01  9.99921510D-01  9.99959472D-01  5.53287976D+01  2.30252900D+01  4.58923258D+00  1.75133149D+00
  7.48899321D+00  9.99967049D-01  9.99124492D-01  9.99643029D-01  9.99927010D-01  9.99961590D-01  5.49340319D+01  2.28879147D+01  4.56363287D+00  1.74482815D+00
  7.74504555D+00  9.99968432D-01  9.99201190D-01  9.99675595D-01  9.99933563D-01  9.99964066D-01  5.46461630D+01  2.27622792D+01  4.53747160D+00  1.73811764D+00
  8.00895024D+00  9.99969730D-01  9.99275646D-01  9.99706341D-01  9.99939637D-01  9.99966363D-01  5.43940409D+01  2.26263473D+01  4.50725454D+00  1.73036768D+00
  8.28092063D+00  9.99970756D-01  9.99331804D-01  9.99729066D-01  9.99944096D-01  9.99968093D-01  5.41100042D+01  2.24619558D+01  4.47057620D+00  1.72104860D+00
  8.56117508D+00  9.99971832D-01  9.99388561D-01  9.99752710D-01  9.99948815D-01  9.99969923D-01  5.37458256D+01  2.22570451D+01  4.42602136D+00  1.70986766D+00
  8.84993714D+00  9.99972918D-01  9.99445977D-01  9.99776677D-01  9.99953602D-01  9.99971776D-01  5.32683456D+01  2.20022637D+01  4.37231223D+00  1.69654181D+00
  9.14743560D+00  9.99973898D-01  9.99498007D-01  9.99798086D-01  9.99957846D-01  9.99973428D-01  5.26455007D+01  2.16871746D+01  4.30780192D+00  1.68068551D+00
  9.45390463D+00  9.99974910D-01  9.99551523D-01  9.99820344D-01  9.99962288D-01  9.99975151D-01  5.18409232D+01  2.13013801D+01  4.23107415D+00  1.66198191D+00
  9.76958387D+00  9.99975962D-01  9.99608441D-01  9.99843810D-01  9.99966945D-01  9.99976950D-01  5.08253066D+01  2.08404962D+01  4.14222601D+00  1.64050647D+00
  1.00947185D+01  9.99976734D-01  9.99649045D-01  9.99859462D-01  9.99969954D-01  9.99978165D-01  4.95951572D+01  2.03112999D+01  4.04351852D+00  1.61686601D+00
  1.04295595D+01  9.99977442D-01  9.99680736D-01  9.99872498D-01  9.99972567D-01  9.99979248D-01  4.81814763D+01  1.97301733D+01  3.93839366D+00  1.59191443D+00
  1.07743636D+01  9.99978272D-01  9.99720957D-01  9.99889177D-01  9.99975910D-01  9.99980589D-01  4.66398495D+01  1.91146075D+01  3.82918503D+00  1.56614803D+00
  1.11293934D+01  9.99978924D-01  9.99747497D-01  9.99900074D-01  9.99978120D-01  9.99981541D-01  4.50300148D+01  1.84738954D+01  3.71508725D+00  1.53918904D+00
  1.14949176D+01  9.99979646D-01  9.99781750D-01  9.99914003D-01  9.99980899D-01  9.99982675D-01  4.34005447D+01  1.78063272D+01  3.59203314D+00  1.50978051D+00
  1.18712110D+01  9.99980264D-01  9.99806425D-01  9.99924273D-01  9.99983004D-01  9.99983582D-01  4.17853849D+01  1.71047356D+01  3.45485764D+00  1.47639091D+00
  1.22585547D+01  9.99981018D-01  9.99836726D-01  9.99937563D-01  9.99985851D-01  9.99984767D-01  4.02031005D+01  1.63644330D+01  3.30032117D+00  1.43806149D+00
  1.26572363D+01  9.99981634D-01  9.99861784D-01  9.99947809D-01  9.99987943D-01  9.99985670D-01  3.86444088D+01  1.55844903D+01  3.12863313D+00  1.39487325D+00
  1.30675498D+01  9.99982049D-01  9.99874646D-01  9.99952705D-01  9.99988889D-01  9.99986159D-01  3.70475849D+01  1.47590337D+01  2.94211804D+00  1.34764673D+00
  1.34897960D+01  9.99982471D-01  9.99888284D-01  9.99957885D-01  9.99989886D-01  9.99986665D-01  3.52836561D+01  1.38661872D+01  2.74215030D+00  1.29712357D+00
  1.39242821D+01  9.99982977D-01  9.99908488D-01  9.99965689D-01  9.99991383D-01  9.99987344D-01  3.31802548D+01  1.28682033D+01  2.52732226D+00  1.24338210D+00
  1.43713228D+01  9.99983444D-01  9.99926387D-01  9.99972443D-01  9.99992666D-01  9.99987947D-01  3.05905503D+01  1.17294347D+01  2.29499845D+00  1.18607952D+00
  1.48312393D+01  9.99983853D-01  9.99941560D-01  9.99977869D-01  9.99993668D-01  9.99988445D-01  2.74760711D+01  1.04434435D+01  2.04541202D+00  1.12537595D+00
  1.53043603D+01  9.99984157D-01  9.99945671D-01  9.99979430D-01  9.99993997D-01  9.99988717D-01  2.39532883D+01  9.05092260D+00  1.78511024D+00  1.06278130D+00
  1.57910216D+01  9.99984499D-01  9.99952649D-01  9.99982083D-01  9.99994528D-01  9.99989061D-01  2.02734845D+01  7.63567153D+00  1.52707035D+00  1.00124910D+00
  1.62915668D+01  9.99984834D-01  9.99958355D-01  9.99984251D-01  9.99994971D-01  9.99989380D-01  1.67474516D+01  6.30107879D+00  1.28742666D+00  9.44462279D-01
  1.68063467D+01  9.99985111D-01  9.99960000D-01  9.99984874D-01  9.99995128D-01  9.99989594D-01  1.36557408D+01  5.14064017D+00  1.08088871D+00  8.95784106D-01
  1.73357200D+01  9.99985375D-01  9.99961692D-01  9.99985515D-01  9.99995286D-01  9.99989801D-01  1.11834616D+01  4.21590555D+00  9.17117121D-01  8.57409720D-01
  1.78800534D+01  9.99985642D-01  9.99963417D-01  9.99986168D-01  9.99995447D-01  9.99990010D-01  9.39721055D+00  3.54811003D+00  7.99213474D-01  8.29997964D-01
  1.84397214D+01  9.99985917D-01  9.99965146D-01  9.99986822D-01  9.99995609D-01  9.99990224D-01  8.26099577D+00  3.12295337D+00  7.24363808D-01  8.12799571D-01
  1.90151069D+01  9.99986195D-01  9.99966923D-01  9.99987494D-01  9.99995776D-01  9.99990442D-01  7.67690205D+00  2.90427996D+00  6.86032232D-01  8.04148831D-01
  1.96066009D+01  9.99986460D-01  9.99968717D-01  9.99988173D-01  9.99995942D-01  9.99990652D-01  7.53251644D+00  2.85074242D+00  6.76759855D-01  8.02110659D-01
  2.02146032D+01  9.99986714D-01  9.99970562D-01  9.99988871D-01  9.99996110D-01  9.99990855D-01  7.73787397D+00  2.92918880D+00  6.90493663D-01  8.05046466D-01
  2.08395221D+01  9.99986969D-01  9.99972458D-01  9.99989588D-01  9.99996282D-01  9.99991061D-01  8.23959666D+00  3.11990314D+00  7.23560080D-01  8.11898053D-01
  2.14817745D+01  9.99987231D-01  9.99974406D-01  9.99990326D-01  9.99996459D-01  9.99991272D-01  9.00831093D+00  3.41189880D+00  7.73911384D-01  8.22087741D-01
  2.21417866D+01  9.99987501D-01  9.99976408D-01  9.99991083D-01  9.99996640D-01  9.99991489D-01  1.00050139D+01  3.79022383D+00  8.38932129D-01  8.35064047D-01
  2.28199935D+01  9.99987733D-01  9.99978841D-01  9.99992005D-01  9.99996842D-01  9.99991684D-01  1.11404375D+01  4.22059732D+00  9.12705601D-01  8.49661020D-01
  2.35168398D+01  9.99987939D-01  9.99981396D-01  9.99992973D-01  9.99997044D-01  9.99991859D-01  1.22469937D+01  4.63890278D+00  9.84075010D-01  8.63568827D-01
  2.42327794D+01  9.99988133D-01  9.99984204D-01  9.99994038D-01  9.99997263D-01  9.99992032D-01  1.30834160D+01  4.95324033D+00  1.03691470D+00  8.73280508D-01
  2.49682759D+01  9.99988341D-01  9.99987840D-01  9.99995425D-01  9.99997542D-01  9.99992228D-01  1.33839883D+01  5.06296593D+00  1.05346278D+00  8.74780690D-01
  2.57238028D+01  9.99988562D-01  9.99992221D-01  9.99997087D-01  9.99997872D-01  9.99992443D-01  1.29445649D+01  4.89151754D+00  1.02017583D+00  8.64902697D-01
  2.64998436D+01  9.99988796D-01  9.99997590D-01  9.99999113D-01  9.99998268D-01  9.99992684D-01  1.17118592D+01  4.42007670D+00  9.33771853D-01  8.42806472D-01
  2.72968917D+01  9.99988986D-01  1.00000000D+00  9.99999998D-01  9.99998450D-01  9.99992845D-01  9.82784289D+00  3.70381327D+00  8.04154962D-01  8.10750567D-01
  2.81154513D+01  9.99989149D-01  1.00000000D+00  9.99999998D-01  9.99998473D-01  9.99992951D-01  7.59580804D+00  2.85836221D+00  6.51991685D-01  7.73575521D-01
  2.89560367D+01  9.99989296D-01  1.00000000D+00  9.99999998D-01  9.99998494D-01  9.99993046D-01  5.37730006D+00  2.02045271D+00  5.01657267D-01  7.37043003D-01
  2.98191734D+01  9.99989446D-01  1.00000000D+00  9.99999998D-01  9.99998515D-01  9.99993143D-01  3.47138538D+00  1.30238116D+00  3.73102397D-01  7.05884482D-01
  3.07053973D+01  9.99989600D-01  1.00000000D+00  9.99999998D-01  9.99998537D-01  9.99993243D-01  2.03629474D+00  7.62885101D-01  2.76680719D-01  6.82546940D-01
  3.16152560D+01  9.99989758D-01  1.00000000D+00  9.99999998D-01  9.99998559D-01  9.99993346D-01  1.08221373D+00  4.04931607D-01  2.12796339D-01  6.67097425D-01
  3.25493080D+01  9.99989919D-01  1.00000000D+00  9.99999998D-01  9.99998582D-01  9.99993450D-01  5.19825861D-01  1.94320284D-01  1.75255354D-01  6.58023642D-01
  3.35081234D+01  9.99990062D-01  1.00000000D+00  9.99999998D-01  9.99998602D-01  9.99993544D-01  2.25186931D-01  8.41657645D-02  1.55642757D-01  6.53285108D-01
  3.44922841D+01  9.99990206D-01  1.00000000D+00  9.99999998D-01  9.99998622D-01  9.99993637D-01  8.78016500D-02  3.28827452D-02  1.46521467D-01  6.51082058D-01
  3.55023840D+01  9.99990334D-01  1.00000000D+00  9.99999998D-01  9.99998640D-01  9.99993720D-01  3.07522947D-02  1.16182858D-02  1.42742960D-01  6.50169706D-01
  3.65390289D+01  9.99990466D-01  1.00000000D+00  9.99999998D-01  9.99998658D-01  9.99993806D-01  9.65522090D-03  3.76520067D-03  1.41348786D-01  6.49833166D-01
  3.76028371D+01  9.99990601D-01  1.00000000D+00  9.99999998D-01  9.99998677D-01  9.99993893D-01  2.71114310D-03  1.18361085D-03  1.40890852D-01  6.49722652D-01
  3.86944395D+01  9.99990739D-01  1.00000000D+00  9.99999998D-01  9.99998697D-01  9.99993983D-01  6.79036136D-04  4.29022191D-04  1.40757092D-01  6.49690364D-01
  3.98144797D+01  9.99990881D-01  1.00000000D+00  9.99999998D-01  9.99998717D-01  9.99994076D-01  1.51225245D-04  2.33243043D-04  1.40722395D-01  6.49681966D-01
  4.09636144D+01  9.99991016D-01  1.00000000D+00  9.99999998D-01  9.99998736D-01  9.99994164D-01  2.98361206D-05  1.88262679D-04  1.40714412D-01  6.49680013D-01
  4.21425133D+01  9.99991143D-01  1.00000000D+00  9.99999998D-01  9.99998754D-01  9.99994246D-01  5.19368427D-06  1.79140265D-04  1.40712789D-01  6.49679611D-01
  4.33518599D+01  9.99991266D-01  1.00000000D+00  9.99999998D-01  9.99998771D-01  9.99994325D-01  7.96035627D-07  1.77513813D-04  1.40712513D-01  6.49679558D-01
  4.45923512D+01  9.99991377D-01  1.00000000D+00  9.99999998D-01  9.99998787D-01  9.99994398D-01  1.09712345D-07  1.77260291D-04  1.40712495D-01  6.49679588D-01
  4.58646980D+01  9.99991490D-01  1.00000000D+00  9.99999998D-01  9.99998803D-01  9.99994472D-01  1.66598269D-08  1.77226046D-04  1.40712519D-01  6.49679633D-01
  4.71696255D+01  9.99991607D-01  1.00000000D+00  9.99999999D-01  9.99998819D-01  9.99994547D-01  5.79208338D-09  1.77222103D-04  1.40712536D-01  6.49679659D-01
  4.85078731D+01  9.99991727D-01  1.00000000D+00  9.99999999D-01  9.99998836D-01  9.99994625D-01  4.71060622D-09  1.77221683D-04  1.40712530D-01  6.49679651D-01
  4.98801950D+01  9.99991850D-01  1.00000000D+00  9.99999999D-01  9.99998853D-01  9.99994705D-01  4.62020766D-09  1.77221541D-04  1.40712501D-01  6.49679607D-01
  5.12873602D+01  9.99991976D-01  1.00000000D+00  9.99999999D-01  9.99998871D-01  9.99994787D-01  4.61397537D-09  1.77221386D-04  1.40712461D-01  6.49679546D-01
  5.27301529D+01  9.99992087D-01  1.00000000D+00  9.99999999D-01  9.99998887D-01  9.99994859D-01  4.61362521D-09  1.77221256D-04  1.40712427D-01  6.49679494D-01
  5.42093727D+01  9.99992197D-01  1.00000000D+00  9.99999999D-01  9.99998902D-01  9.99994931D-01  4.61360834D-09  1.77221211D-04  1.40712415D-01  6.49679476D-01
  5.57258347D+01  9.99992302D-01  1.00000000D+00  9.99999999D-01  9.99998917D-01  9.99994999D-01  4.61361110D-09  1.77221276D-04  1.40712432D-01  6.49679502D-01
  5.72803701D+01  9.99992396D-01  1.00000000D+00  9.99999999D-01  9.99998930D-01  9.99995060D-01  4.61361874D-09  1.77221432D-04  1.40712473D-01  6.49679564D-01
  5.88738263D+01  9.99992492D-01  1.00000000D+00  9.99999999D-01  9.99998944D-01  9.99995122D-01  4.61362798D-09  1.77221619D-04  1.40712523D-01  6.49679640D-01
  6.05070671D+01  9.99992590D-01  1.00000000D+00  9.99999999D-01  9.99998957D-01  9.99995186D-01  4.61363529D-09  1.77221768D-04  1.40712562D-01  6.49679699D-01
  6.21809729D+01  9.99992691D-01  1.00000000D+00  9.99999999D-01  9.99998972D-01  9.99995252D-01  4.61363785D-09  1.77221820D-04  1.40712575D-01  6.49679720D-01
  6.38964413D+01  9.99992795D-01  1.00000000D+00  9.99999999D-01  9.99998986D-01  9.99995319D-01  4.61363441D-09  1.77221750D-04  1.40712557D-01  6.49679692D-01
  6.56543870D+01  9.99992900D-01  1.00000000D+00  9.99999999D-01  9.99999001D-01  9.99995388D-01  4.61362579D-09  1.77221575D-04  1.40712511D-01  6.49679622D-01
  6.74557425D+01  9.99993009D-01  1.00000000D+00  9.99999999D-01  9.99999016D-01  9.99995458D-01  4.61361461D-09  1.77221348D-04  1.40712451D-01  6.49679531D-01
  6.93014581D+01  9.99993105D-01  1.00000000D+00  9.99999999D-01  9.99999030D-01  9.99995521D-01  4.61360458D-09  1.77221144D-04  1.40712398D-01  6.49679449D-01
  7.11925020D+01  9.99993198D-01  1.00000000D+00  9.99999999D-01  9.99999043D-01  9.99995581D-01  4.61359924D-09  1.77221036D-04  1.40712369D-01  6.49679406D-01
  7.31298611D+01  9.99993292D-01  1.00000000D+00  9.99999999D-01  9.99999056D-01  9.99995642D-01  4.61360060D-09  1.77221063D-04  1.40712376D-01  6.49679417D-01
  7.51145410D+01  9.99993373D-01  1.00000000D+00  9.99999999D-01  9.99999068D-01  9.99995694D-01  4.61360839D-09  1.77221222D-04  1.40712418D-01  6.49679480D-01
  7.71475663D+01  9.99993450D-01  1.00000000D+00  9.99999999D-01  9.99999078D-01  9.99995745D-01  4.61362027D-09  1.77221463D-04  1.40712482D-01  6.49679577D-01
  7.92299811D+01  9.99993530D-01  1.00000000D+00  9.99999999D-01  9.99999090D-01  9.99995797D-01  4.61363283D-09  1.77221718D-04  1.40712549D-01  6.49679679D-01
  8.13628489D+01  9.99993612D-01  1.00000000D+00  9.99999999D-01  9.99999101D-01  9.99995850D-01  4.61364277D-09  1.77221920D-04  1.40712602D-01  6.49679760D-01
  8.35472535D+01  9.99993695D-01  1.00000000D+00  9.99999999D-01  9.99999113D-01  9.99995904D-01  4.61364772D-09  1.77222020D-04  1.40712628D-01  6.49679800D-01
  8.57842988D+01  9.99993781D-01  1.00000000D+00  9.99999999D-01  9.99999125D-01  9.99995960D-01  4.61364648D-09  1.77221995D-04  1.40712622D-01  6.49679790D-01
  8.80751094D+01  9.99993868D-01  1.00000000D+00  9.99999999D-01  9.99999137D-01  9.99996016D-01  4.61363900D-09  1.77221843D-04  1.40712582D-01  6.49679729D-01
  9.04208308D+01  9.99993958D-01  1.00000000D+00  9.99999999D-01  9.99999150D-01  9.99996075D-01  4.61362650D-09  1.77221589D-04  1.40712515D-01  6.49679628D-01
  9.28226301D+01  9.99994050D-01  1.00000000D+00  9.99999999D-01  9.99999163D-01  9.99996134D-01  4.61361147D-09  1.77221284D-04  1.40712435D-01  6.49679505D-01
  9.52816956D+01  9.99994131D-01  1.00000000D+00  9.99999999D-01  9.99999174D-01  9.99996187D-01  4.61359746D-09  1.77221000D-04  1.40712360D-01  6.49679392D-01
  9.77992379D+01  9.99994206D-01  1.00000000D+00  9.99999999D-01  9.99999185D-01  9.99996236D-01  4.61358824D-09  1.77220812D-04  1.40712310D-01  6.49679316D-01
  1.00376490D+02  9.99994284D-01  1.00000000D+00  9.99999999D-01  9.99999196D-01  9.99996286D-01  4.61358650D-09  1.77220777D-04  1.40712301D-01  6.49679302D-01
  1.03014707D+02  9.99994361D-01  1.00000000D+00  9.99999999D-01  9.99999207D-01  9.99996336D-01  4.61359282D-09  1.77220905D-04  1.40712335D-01  6.49679354D-01
  1.05715167D+02  9.99994422D-01  1.00000000D+00  9.99999999D-01  9.99999215D-01  9.99996376D-01  4.61360542D-09  1.77221161D-04  1.40712402D-01  6.49679456D-01
  1.08479174D+02  9.99994484D-01  1.00000000D+00  9.99999999D-01  9.99999224D-01  9.99996416D-01  4.61362101D-09  1.77221478D-04  1.40712486D-01  6.49679583D-01
  1.11308051D+02  9.99994547D-01  1.00000000D+00  9.99999999D-01  9.99999233D-01  9.99996457D-01  4.61363612D-09  1.77221785D-04  1.40712566D-01  6.49679706D-01
  1.14203150D+02  9.99994612D-01  1.00000000D+00  9.99999999D-01  9.99999242D-01  9.99996499D-01  4.61364816D-09  1.77222029D-04  1.40712631D-01  6.49679804D-01
  1.17165844D+02  9.99994678D-01  1.00000000D+00  9.99999999D-01  9.99999251D-01  9.99996543D-01  4.61365583D-09  1.77222185D-04  1.40712672D-01  6.49679866D-01
  1.20197533D+02  9.99994746D-01  1.00000000D+00  9.99999999D-01  9.99999261D-01  9.99996587D-01  4.61365874D-09  1.77222244D-04  1.40712687D-01  6.49679890D-01
  1.23299641D+02  9.99994816D-01  1.00000000D+00  9.99999999D-01  9.99999271D-01  9.99996632D-01  4.61365683D-09  1.77222205D-04  1.40712677D-01  6.49679875D-01
  1.26473619D+02  9.99994887D-01  1.00000000D+00  9.99999999D-01  9.99999281D-01  9.99996678D-01  4.61364996D-09  1.77222066D-04  1.40712640D-01  6.49679819D-01
  1.29720943D+02  9.99994960D-01  1.00000000D+00  9.99999999D-01  9.99999291D-01  9.99996726D-01  4.61363815D-09  1.77221826D-04  1.40712577D-01  6.49679723D-01
  1.33043115D+02  9.99995034D-01  1.00000000D+00  9.99999999D-01  9.99999301D-01  9.99996774D-01  4.61362209D-09  1.77221500D-04  1.40712491D-01  6.49679592D-01
  1.36441666D+02  9.99995111D-01  1.00000000D+00  9.99999999D-01  9.99999312D-01  9.99996823D-01  4.61360369D-09  1.77221126D-04  1.40712393D-01  6.49679442D-01
  1.39918151D+02  9.99995173D-01  1.00000000D+00  9.99999999D-01  9.99999321D-01  9.99996864D-01  4.61358621D-09  1.77220771D-04  1.40712300D-01  6.49679300D-01
  1.43474156D+02  9.99995232D-01  1.00000000D+00  9.99999999D-01  9.99999329D-01  9.99996903D-01  4.61357345D-09  1.77220512D-04  1.40712231D-01  6.49679196D-01
  1.47111294D+02  9.99995293D-01  1.00000000D+00  9.99999999D-01  9.99999338D-01  9.99996942D-01  4.61356858D-09  1.77220413D-04  1.40712205D-01  6.49679157D-01
  1.50831205D+02  9.99995356D-01  1.00000000D+00  9.99999999D-01  9.99999347D-01  9.99996983D-01  4.61357285D-09  1.77220500D-04  1.40712228D-01  6.49679191D-01
  1.54635560D+02  9.99995413D-01  1.00000000D+00  9.99999999D-01  9.99999355D-01  9.99997020D-01  4.61358513D-09  1.77220749D-04  1.40712294D-01  6.49679291D-01
  1.58526058D+02  9.99995459D-01  1.00000000D+00  9.99999999D-01  9.99999361D-01  9.99997050D-01  4.61360234D-09  1.77221099D-04  1.40712386D-01  6.49679431D-01
  1.62504429D+02  9.99995506D-01  1.00000000D+00  9.99999999D-01  9.99999368D-01  9.99997080D-01  4.61362073D-09  1.77221472D-04  1.40712484D-01  6.49679581D-01
  1.66572434D+02  9.99995553D-01  1.00000000D+00  9.99999999D-01  9.99999374D-01  9.99997111D-01  4.61363711D-09  1.77221805D-04  1.40712572D-01  6.49679714D-01
  1.70731861D+02  9.99995602D-01  1.00000000D+00  9.99999999D-01  9.99999381D-01  9.99997143D-01  4.61364969D-09  1.77222060D-04  1.40712639D-01  6.49679816D-01
  1.74984534D+02  9.99995652D-01  1.00000000D+00  9.99999999D-01  9.99999388D-01  9.99997176D-01  4.61365812D-09  1.77222232D-04  1.40712684D-01  6.49679885D-01
  1.79332306D+02  9.99995704D-01  1.00000000D+00  9.99999999D-01  9.99999395D-01  9.99997209D-01  4.61366299D-09  1.77222331D-04  1.40712710D-01  6.49679925D-01
  1.83777062D+02  9.99995756D-01  1.00000000D+00  9.99999999D-01  9.99999403D-01  9.99997243D-01  4.61366516D-09  1.77222375D-04  1.40712721D-01  6.49679942D-01
  1.88320721D+02  9.99995810D-01  1.00000000D+00  9.99999999D-01  9.99999410D-01  9.99997278D-01  4.61366520D-09  1.77222375D-04  1.40712722D-01  6.49679943D-01
  1.92965233D+02  9.99995864D-01  1.00000000D+00  9.99999999D-01  9.99999418D-01  9.99997313D-01  4.61366311D-09  1.77222333D-04  1.40712711D-01  6.49679926D-01
  1.97712585D+02  9.99995920D-01  1.00000000D+00  9.99999999D-01  9.99999426D-01  9.99997349D-01  4.61365829D-09  1.77222235D-04  1.40712685D-01  6.49679886D-01
  2.02564795D+02  9.99995977D-01  1.00000000D+00  9.99999999D-01  9.99999434D-01  9.99997386D-01  4.61364980D-09  1.77222063D-04  1.40712639D-01  6.49679817D-01
  2.07523916D+02  9.99996036D-01  1.00000000D+00  9.99999999D-01  9.99999442D-01  9.99997424D-01  4.61363683D-09  1.77221799D-04  1.40712570D-01  6.49679712D-01
  2.12592039D+02  9.99996095D-01  1.00000000D+00  9.99999999D-01  9.99999451D-01  9.99997463D-01  4.61361938D-09  1.77221445D-04  1.40712477D-01  6.49679570D-01
  2.17771286D+02  9.99996156D-01  1.00000000D+00  9.99999999D-01  9.99999459D-01  9.99997503D-01  4.61359879D-09  1.77221027D-04  1.40712367D-01  6.49679402D-01
  2.23063819D+02  9.99996202D-01  1.00000000D+00  9.99999999D-01  9.99999466D-01  9.99997533D-01  4.61357778D-09  1.77220600D-04  1.40712255D-01  6.49679232D-01
  2.28471835D+02  9.99996247D-01  1.00000000D+00  9.99999999D-01  9.99999472D-01  9.99997562D-01  4.61356004D-09  1.77220240D-04  1.40712160D-01  6.49679087D-01
  2.33997569D+02  9.99996293D-01  1.00000000D+00  9.99999999D-01  9.99999478D-01  9.99997591D-01  4.61354912D-09  1.77220018D-04  1.40712101D-01  6.49678998D-01
  2.39643292D+02  9.99996339D-01  1.00000000D+00  9.99999999D-01  9.99999485D-01  9.99997622D-01  4.61354739D-09  1.77219983D-04  1.40712092D-01  6.49678984D-01
  2.45411315D+02  9.99996387D-01  1.00000000D+00  9.99999999D-01  9.99999492D-01  9.99997653D-01  4.61355522D-09  1.77220142D-04  1.40712134D-01  6.49679048D-01
  2.51303987D+02  9.99996436D-01  1.00000000D+00  9.99999999D-01  9.99999498D-01  9.99997684D-01  4.61357087D-09  1.77220460D-04  1.40712218D-01  6.49679175D-01
  2.57323698D+02  9.99996467D-01  1.00000000D+00  9.99999999D-01  9.99999503D-01  9.99997705D-01  4.61359107D-09  1.77220870D-04  1.40712326D-01  6.49679340D-01
  2.63472875D+02  9.99996499D-01  1.00000000D+00  9.99999999D-01  9.99999507D-01  9.99997726D-01  4.61361203D-09  1.77221296D-04  1.40712438D-01  6.49679510D-01
  2.69753989D+02  9.99996532D-01  1.00000000D+00  9.99999999D-01  9.99999512D-01  9.99997747D-01  4.61363061D-09  1.77221673D-04  1.40712537D-01  6.49679661D-01
  2.76169548D+02  9.99996566D-01  1.00000000D+00  9.99999999D-01  9.99999517D-01  9.99997769D-01  4.61364500D-09  1.77221965D-04  1.40712614D-01  6.49679778D-01
  2.82722106D+02  9.99996601D-01  1.00000000D+00  9.99999999D-01  9.99999522D-01  9.99997791D-01  4.61365483D-09  1.77222165D-04  1.40712666D-01  6.49679858D-01
  2.89414256D+02  9.99996636D-01  1.00000000D+00  9.99999999D-01  9.99999527D-01  9.99997814D-01  4.61366078D-09  1.77222286D-04  1.40712698D-01  6.49679907D-01
  2.96248636D+02  9.99996672D-01  1.00000000D+00  9.99999999D-01  9.99999532D-01  9.99997838D-01  4.61366399D-09  1.77222351D-04  1.40712715D-01  6.49679933D-01
  3.03227926D+02  9.99996708D-01  1.00000000D+00  9.99999999D-01  9.99999537D-01  9.99997861D-01  4.61366553D-09  1.77222382D-04  1.40712723D-01  6.49679945D-01
  3.10354851D+02  9.99996746D-01  1.00000000D+00  9.99999999D-01  9.99999542D-01  9.99997886D-01  4.61366617D-09  1.77222395D-04  1.40712727D-01  6.49679951D-01
  3.17632180D+02  9.99996784D-01  1.00000000D+00  9.99999999D-01  9.99999547D-01  9.99997911D-01  4.61366639D-09  1.77222400D-04  1.40712728D-01  6.49679952D-01
  3.25062729D+02  9.99996823D-01  1.00000000D+00  9.99999999D-01  9.99999553D-01  9.99997936D-01  4.61366638D-09  1.77222399D-04  1.40712728D-01  6.49679952D-01
  3.32649359D+02  9.99996863D-01  1.00000000D+00  9.99999999D-01  9.99999559D-01  9.99997962D-01  4.61366613D-09  1.77222394D-04  1.40712727D-01  6.49679950D-01
  3.40394976D+02  9.99996903D-01  1.00000000D+00  9.99999999D-01  9.99999564D-01  9.99997988D-01  4.61366543D-09  1.77222380D-04  1.40712723D-01  6.49679945D-01
  3.48302535D+02  9.99996945D-01  1.00000000D+00  9.99999999D-01  9.99999570D-01  9.99998015D-01  4.61366383D-09  1.77222348D-04  1.40712714D-01  6.49679932D-01
  3.56375039D+02  9.99996987D-01  1.00000000D+00  9.99999999D-01  9.99999576D-01  9.99998043D-01  4.61366056D-09  1.77222281D-04  1.40712697D-01  6.49679905D-01
  3.64615540D+02  9.99997031D-01  1.00000000D+00  9.99999999D-01  9.99999582D-01  9.99998071D-01  4.61365460D-09  1.77222160D-04  1.40712665D-01  6.49679856D-01
  3.73027137D+02  9.99997075D-01  1.00000000D+00  9.99999999D-01  9.99999588D-01  9.99998099D-01  4.61364487D-09  1.77221963D-04  1.40712613D-01  6.49679777D-01
  3.81612982D+02  9.99997120D-01  1.00000000D+00  9.99999999D-01  9.99999595D-01  9.99998129D-01  4.61363069D-09  1.77221675D-04  1.40712537D-01  6.49679662D-01
  3.90376276D+02  9.99997166D-01  1.00000000D+00  9.99999999D-01  9.99999601D-01  9.99998159D-01  4.61361224D-09  1.77221300D-04  1.40712439D-01  6.49679512D-01
  3.99320270D+02  9.99997207D-01  1.00000000D+00  1.00000000D+00  9.99999607D-01  9.99998186D-01  4.61359088D-09  1.77220866D-04  1.40712325D-01  6.49679338D-01
  4.08448270D+02  9.99997238D-01  1.00000000D+00  1.00000000D+00  9.99999611D-01  9.99998206D-01  4.61356895D-09  1.77220421D-04  1.40712207D-01  6.49679160D-01
  4.17763633D+02  9.99997270D-01  1.00000000D+00  1.00000000D+00  9.99999616D-01  9.99998226D-01  4.61354930D-09  1.77220022D-04  1.40712102D-01  6.49679000D-01
  4.27269769D+02  9.99997302D-01  1.00000000D+00  1.00000000D+00  9.99999620D-01  9.99998247D-01  4.61353455D-09  1.77219722D-04  1.40712024D-01  6.49678880D-01
  4.36970144D+02  9.99997334D-01  1.00000000D+00  1.00000000D+00  9.99999625D-01  9.99998268D-01  4.61352661D-09  1.77219561D-04  1.40711981D-01  6.49678815D-01
  4.46868278D+02  9.99997368D-01  1.00000000D+00  1.00000000D+00  9.99999630D-01  9.99998290D-01  4.61352641D-09  1.77219557D-04  1.40711980D-01  6.49678814D-01
  4.56967745D+02  9.99997402D-01  1.00000000D+00  1.00000000D+00  9.99999634D-01  9.99998312D-01  4.61353398D-09  1.77219711D-04  1.40712021D-01  6.49678875D-01
  4.67272179D+02  9.99997437D-01  1.00000000D+00  1.00000000D+00  9.99999639D-01  9.99998335D-01  4.61354835D-09  1.77220002D-04  1.40712097D-01  6.49678992D-01
  4.77785268D+02  9.99997471D-01  1.00000000D+00  1.00000000D+00  9.99999644D-01  9.99998357D-01  4.61356763D-09  1.77220394D-04  1.40712200D-01  6.49679149D-01
  4.88510759D+02  9.99997491D-01  1.00000000D+00  1.00000000D+00  9.99999647D-01  9.99998370D-01  4.61358917D-09  1.77220831D-04  1.40712315D-01  6.49679324D-01
  4.99452460D+02  9.99997511D-01  1.00000000D+00  1.00000000D+00  9.99999650D-01  9.99998383D-01  4.61361012D-09  1.77221257D-04  1.40712427D-01  6.49679495D-01
  5.10614234D+02  9.99997532D-01  1.00000000D+00  1.00000000D+00  9.99999653D-01  9.99998396D-01  4.61362812D-09  1.77221622D-04  1.40712524D-01  6.49679641D-01
  5.22000008D+02  9.99997552D-01  1.00000000D+00  1.00000000D+00  9.99999656D-01  9.99998410D-01  4.61364185D-09  1.77221901D-04  1.40712597D-01  6.49679753D-01
  5.33613769D+02  9.99997574D-01  1.00000000D+00  1.00000000D+00  9.99999659D-01  9.99998424D-01  4.61365118D-09  1.77222091D-04  1.40712647D-01  6.49679829D-01
  5.45459566D+02  9.99997595D-01  1.00000000D+00  1.00000000D+00  9.99999662D-01  9.99998438D-01  4.61365682D-09  1.77222205D-04  1.40712677D-01  6.49679875D-01
  5.57541510D+02  9.99997618D-01  1.00000000D+00  1.00000000D+00  9.99999665D-01  9.99998452D-01  4.61365987D-09  1.77222267D-04  1.40712693D-01  6.49679899D-01
  5.69863778D+02  9.99997640D-01  1.00000000D+00  1.00000000D+00  9.99999668D-01  9.99998467D-01  4.61366133D-09  1.77222297D-04  1.40712701D-01  6.49679911D-01
  5.82430608D+02  9.99997663D-01  1.00000000D+00  1.00000000D+00  9.99999671D-01  9.99998482D-01  4.61366196D-09  1.77222310D-04  1.40712704D-01  6.49679916D-01
  5.95246306D+02  9.99997687D-01  1.00000000D+00  1.00000000D+00  9.99999675D-01  9.99998497D-01  4.61366220D-09  1.77222315D-04  1.40712706D-01  6.49679918D-01
  6.08315243D+02  9.99997711D-01  1.00000000D+00  1.00000000D+00  9.99999678D-01  9.99998513D-01  4.61366228D-09  1.77222316D-04  1.40712706D-01  6.49679919D-01
  6.21641857D+02  9.99997735D-01  1.00000000D+00  1.00000000D+00  9.99999681D-01  9.99998529D-01  4.61366230D-09  1.77222317D-04  1.40712706D-01  6.49679919D-01
  6.35230655D+02  9.99997760D-01  1.00000000D+00  1.00000000D+00  9.99999685D-01  9.99998545D-01  4.61366231D-09  1.77222317D-04  1.40712706D-01  6.49679919D-01
  6.49086212D+02  9.99997786D-01  1.00000000D+00  1.00000000D+00  9.99999688D-01  9.99998561D-01  4.61366231D-09  1.77222317D-04  1.40712706D-01  6.49679919D-01
  6.63213172D+02  9.99997812D-01  1.00000000D+00  1.00000000D+00  9.99999692D-01  9.99998578D-01  4.61366231D-09  1.77222317D-04  1.40712706D-01  6.49679919D-01
  6.77616250D+02  9.99997838D-01  1.00000000D+00  1.00000000D+00  9.99999696D-01  9.99998595D-01  4.61366231D-09  1.77222317D-04  1.40712706D-01  6.49679919D-01
  6.92300234D+02  9.99997865D-01  1.00000000D+00  1.00000000D+00  9.99999700D-01  9.99998613D-01  4.61366231D-09  1.77222317D-04  1.40712706D-01  6.49679919D-01
  7.07269983D+02  9.99997892D-01  1.00000000D+00  1.00000000D+00  9.99999703D-01  9.99998631D-01  4.61366231D-09  1.77222317D-04  1.40712706D-01  6.49679919D-01
  7.22530430D+02  9.99997920D-01  1.00000000D+00  1.00000000D+00  9.99999707D-01  9.99998649D-01  4.61366229D-09  1.77222316D-04  1.40712706D-01  6.49679919D-01
  7.38086581D+02  9.99997949D-01  1.00000000D+00  1.00000000D+00  9.99999711D-01  9.99998667D-01  4.61366223D-09  1.77222315D-04  1.40712706D-01  6.49679919D-01
  7.53943519D+02  9.99997978D-01  1.00000000D+00  1.00000000D+00  9.99999715D-01  9.99998686D-01  4.61366205D-09  1.77222312D-04  1.40712705D-01  6.49679917D-01
  7.70106402D+02  9.99998008D-01  1.00000000D+00  1.00000000D+00  9.99999720D-01  9.99998706D-01  4.61366159D-09  1.77222302D-04  1.40712702D-01  6.49679913D-01
  7.86580467D+02  9.99998038D-01  1.00000000D+00  1.00000000D+00  9.99999724D-01  9.99998725D-01  4.61366050D-09  1.77222280D-04  1.40712697D-01  6.49679905D-01
  8.03371028D+02  9.99998069D-01  1.00000000D+00  1.00000000D+00  9.99999728D-01  9.99998745D-01  4.61365819D-09  1.77222233D-04  1.40712684D-01  6.49679886D-01
  8.20483477D+02  9.99998100D-01  1.00000000D+00  1.00000000D+00  9.99999733D-01  9.99998766D-01  4.61365386D-09  1.77222145D-04  1.40712661D-01  6.49679851D-01
  8.37923289D+02  9.99998132D-01  1.00000000D+00  1.00000000D+00  9.99999737D-01  9.99998786D-01  4.61364659D-09  1.77221997D-04  1.40712622D-01  6.49679791D-01
  8.55696018D+02  9.99998165D-01  1.00000000D+00  1.00000000D+00  9.99999742D-01  9.99998808D-01  4.61363568D-09  1.77221776D-04  1.40712564D-01  6.49679703D-01
  8.73807302D+02  9.99998198D-01  1.00000000D+00  1.00000000D+00  9.99999746D-01  9.99998829D-01  4.61362108D-09  1.77221479D-04  1.40712486D-01  6.49679584D-01
  8.92262860D+02  9.99998230D-01  1.00000000D+00  1.00000000D+00  9.99999751D-01  9.99998850D-01  4.61360364D-09  1.77221125D-04  1.40712393D-01  6.49679442D-01
  9.11068499D+02  9.99998250D-01  1.00000000D+00  1.00000000D+00  9.99999754D-01  9.99998863D-01  4.61358508D-09  1.77220748D-04  1.40712294D-01  6.49679291D-01
  9.30230108D+02  9.99998271D-01  1.00000000D+00  1.00000000D+00  9.99999757D-01  9.99998877D-01  4.61356744D-09  1.77220390D-04  1.40712199D-01  6.49679148D-01
  9.49753664D+02  9.99998292D-01  1.00000000D+00  1.00000000D+00  9.99999760D-01  9.99998890D-01  4.61355253D-09  1.77220087D-04  1.40712120D-01  6.49679026D-01
  9.69645232D+02  9.99998313D-01  1.00000000D+00  1.00000000D+00  9.99999763D-01  9.99998904D-01  4.61354132D-09  1.77219860D-04  1.40712060D-01  6.49678935D-01
  9.89910964D+02  9.99998335D-01  1.00000000D+00  1.00000000D+00  9.99999766D-01  9.99998918D-01  4.61353394D-09  1.77219710D-04  1.40712020D-01  6.49678875D-01
  1.01055711D+03  9.99998357D-01  1.00000000D+00  1.00000000D+00  9.99999769D-01  9.99998933D-01  4.61352996D-09  1.77219629D-04  1.40711999D-01  6.49678843D-01
  1.03158999D+03  9.99998380D-01  1.00000000D+00  1.00000000D+00  9.99999772D-01  9.99998948D-01  4.61352881D-09  1.77219606D-04  1.40711993D-01  6.49678833D-01
  1.05301604D+03  9.99998403D-01  1.00000000D+00  1.00000000D+00  9.99999775D-01  9.99998963D-01  4.61353026D-09  1.77219635D-04  1.40712001D-01  6.49678845D-01
  1.07484178D+03  9.99998427D-01  1.00000000D+00  1.00000000D+00  9.99999779D-01  9.99998978D-01  4.61353444D-09  1.77219720D-04  1.40712023D-01  6.49678879D-01
  1.09707382D+03  9.99998451D-01  1.00000000D+00  1.00000000D+00  9.99999782D-01  9.99998993D-01  4.61354173D-09  1.77219868D-04  1.40712062D-01  6.49678938D-01
  1.11971887D+03  9.99998475D-01  1.00000000D+00  1.00000000D+00  9.99999785D-01  9.99999009D-01  4.61355236D-09  1.77220084D-04  1.40712119D-01  6.49679025D-01
  1.14278374D+03  9.99998500D-01  1.00000000D+00  1.00000000D+00  9.99999789D-01  9.99999025D-01  4.61356602D-09  1.77220361D-04  1.40712192D-01  6.49679136D-01
  1.16627533D+03  9.99998518D-01  1.00000000D+00  1.00000000D+00  9.99999791D-01  9.99999037D-01  4.61358165D-09  1.77220679D-04  1.40712275D-01  6.49679263D-01
  1.19020064D+03  9.99998531D-01  1.00000000D+00  1.00000000D+00  9.99999793D-01  9.99999045D-01  4.61359762D-09  1.77221003D-04  1.40712361D-01  6.49679393D-01
  1.21456678D+03  9.99998544D-01  1.00000000D+00  1.00000000D+00  9.99999795D-01  9.99999054D-01  4.61361220D-09  1.77221299D-04  1.40712439D-01  6.49679512D-01
  1.23938095D+03  9.99998557D-01  1.00000000D+00  1.00000000D+00  9.99999797D-01  9.99999063D-01  4.61362410D-09  1.77221541D-04  1.40712502D-01  6.49679608D-01
  1.26465047D+03  9.99998571D-01  1.00000000D+00  1.00000000D+00  9.99999799D-01  9.99999072D-01  4.61363278D-09  1.77221717D-04  1.40712549D-01  6.49679679D-01
  1.29038273D+03  9.99998585D-01  1.00000000D+00  1.00000000D+00  9.99999801D-01  9.99999081D-01  4.61363843D-09  1.77221832D-04  1.40712579D-01  6.49679725D-01
  1.31658527D+03  9.99998599D-01  1.00000000D+00  1.00000000D+00  9.99999803D-01  9.99999090D-01  4.61364173D-09  1.77221899D-04  1.40712596D-01  6.49679752D-01
  1.34326570D+03  9.99998613D-01  1.00000000D+00  1.00000000D+00  9.99999805D-01  9.99999099D-01  4.61364344D-09  1.77221934D-04  1.40712605D-01  6.49679766D-01
  1.37043176D+03  9.99998628D-01  1.00000000D+00  1.00000000D+00  9.99999807D-01  9.99999109D-01  4.61364424D-09  1.77221950D-04  1.40712610D-01  6.49679772D-01
  1.39809128D+03  9.99998643D-01  1.00000000D+00  1.00000000D+00  9.99999809D-01  9.99999118D-01  4.61364457D-09  1.77221957D-04  1.40712612D-01  6.49679775D-01
  1.42625223D+03  9.99998658D-01  1.00000000D+00  1.00000000D+00  9.99999811D-01  9.99999128D-01  4.61364469D-09  1.77221959D-04  1.40712612D-01  6.49679776D-01
  1.45492266D+03  9.99998674D-01  1.00000000D+00  1.00000000D+00  9.99999813D-01  9.99999138D-01  4.61364473D-09  1.77221960D-04  1.40712612D-01  6.49679776D-01
  1.48411074D+03  9.99998689D-01  1.00000000D+00  1.00000000D+00  9.99999816D-01  9.99999149D-01  4.61364474D-09  1.77221960D-04  1.40712612D-01  6.49679776D-01
  1.51382478D+03  9.99998705D-01  1.00000000D+00  1.00000000D+00  9.99999818D-01  9.99999159D-01  4.61364475D-09  1.77221960D-04  1.40712612D-01  6.49679776D-01
  1.54407318D+03  9.99998722D-01  1.00000000D+00  1.00000000D+00  9.99999820D-01  9.99999170D-01  4.61364475D-09  1.77221960D-04  1.40712612D-01  6.49679776D-01
  1.57486446D+03  9.99998738D-01  1.00000000D+00  1.00000000D+00  9.99999822D-01  9.99999180D-01  4.61364475D-09  1.77221960D-04  1.40712612D-01  6.49679776D-01
  1.60620726D+03  9.99998755D-01  1.00000000D+00  1.00000000D+00  9.99999825D-01  9.99999191D-01  4.61364475D-09  1.77221960D-04  1.40712612D-01  6.49679776D-01
  1.63811036D+03  9.99998772D-01  1.00000000D+00  1.00000000D+00  9.99999827D-01  9.99999202D-01  4.61364475D-09  1.77221960D-04  1.40712612D-01  6.49679776D-01
  1.67058264D+03  9.99998790D-01  1.00000000D+00  1.00000000D+00  9.99999830D-01  9.99999214D-01  4.61364475D-09  1.77221960D-04  1.40712612D-01  6.49679776D-01
  1.70363310D+03  9.99998808D-01  1.00000000D+00  1.00000000D+00  9.99999832D-01  9.99999225D-01  4.61364475D-09  1.77221960D-04  1.40712612D-01  6.49679776D-01
  1.73727087D+03  9.99998826D-01  1.00000000D+00  1.00000000D+00  9.99999835D-01  9.99999237D-01  4.61364475D-09  1.77221960D-04  1.40712612D-01  6.49679776D-01
  1.77150523D+03  9.99998844D-01  1.00000000D+00  1.00000000D+00  9.99999837D-01  9.99999249D-01  4.61364475D-09  1.77221960D-04  1.40712612D-01  6.49679776D-01
  1.80634554D+03  9.99998863D-01  1.00000000D+00  1.00000000D+00  9.99999840D-01  9.99999261D-01  4.61364475D-09  1.77221960D-04  1.40712612D-01  6.49679776D-01
  1.84180134D+03  9.99998882D-01  1.00000000D+00  1.00000000D+00  9.99999843D-01  9.99999274D-01  4.61364475D-09  1.77221960D-04  1.40712612D-01  6.49679776D-01
  1.87788226D+03  9.99998902D-01  1.00000000D+00  1.00000000D+00  9.99999845D-01  9.99999287D-01  4.61364475D-09  1.77221960D-04  1.40712612D-01  6.49679776D-01
  1.91459808D+03  9.99998922D-01  1.00000000D+00  1.00000000D+00  9.99999848D-01  9.99999299D-01  4.61364475D-09  1.77221960D-04  1.40712612D-01  6.49679776D-01
  1.95195872D+03  9.99998942D-01  1.00000000D+00  1.00000000D+00  9.99999851D-01  9.99999312D-01  4.61364475D-09  1.77221960D-04  1.40712612D-01  6.49679776D-01
  1.98997421D+03  9.99998962D-01  1.00000000D+00  1.00000000D+00  9.99999854D-01  9.99999326D-01  4.61364475D-09  1.77221960D-04  1.40712612D-01  6.49679776D-01
  2.02865475D+03  9.99998983D-01  1.00000000D+00  1.00000000D+00  9.99999857D-01  9.99999339D-01  4.61364475D-09  1.77221960D-04  1.40712612D-01  6.49679776D-01
  2.06801066D+03  9.99999004D-01  1.00000000D+00  1.00000000D+00  9.99999860D-01  9.99999353D-01  4.61364475D-09  1.77221960D-04  1.40712612D-01  6.49679776D-01
  2.10805239D+03  9.99999026D-01  1.00000000D+00  1.00000000D+00  9.99999863D-01  9.99999367D-01  4.61364474D-09  1.77221960D-04  1.40712612D-01  6.49679776D-01
  2.14879055D+03  9.99999048D-01  1.00000000D+00  1.00000000D+00  9.99999866D-01  9.99999381D-01  4.61364474D-09  1.77221960D-04  1.40712612D-01  6.49679776D-01
  2.19023589D+03  9.99999070D-01  1.00000000D+00  1.00000000D+00  9.99999869D-01  9.99999396D-01  4.61364473D-09  1.77221960D-04  1.40712612D-01  6.49679776D-01
  2.23239930D+03  9.99999093D-01  1.00000000D+00  1.00000000D+00  9.99999872D-01  9.99999411D-01  4.61364469D-09  1.77221959D-04  1.40712612D-01  6.49679776D-01
  2.27529180D+03  9.99999116D-01  1.00000000D+00  1.00000000D+00  9.99999876D-01  9.99999426D-01  4.61364458D-09  1.77221957D-04  1.40712612D-01  6.49679775D-01
  2.31892460D+03  9.99999140D-01  1.00000000D+00  1.00000000D+00  9.99999879D-01  9.99999441D-01  4.61364431D-09  1.77221951D-04  1.40712610D-01  6.49679773D-01
  2.36330903D+03  9.99999164D-01  1.00000000D+00  1.00000000D+00  9.99999882D-01  9.99999457D-01  4.61364375D-09  1.77221940D-04  1.40712607D-01  6.49679768D-01
  2.40845656D+03  9.99999188D-01  1.00000000D+00  1.00000000D+00  9.99999886D-01  9.99999472D-01  4.61364270D-09  1.77221919D-04  1.40712602D-01  6.49679760D-01
  2.45437885D+03  9.99999213D-01  1.00000000D+00  1.00000000D+00  9.99999889D-01  9.99999489D-01  4.61364091D-09  1.77221882D-04  1.40712592D-01  6.49679745D-01
  2.50108769D+03  9.99999238D-01  1.00000000D+00  1.00000000D+00  9.99999893D-01  9.99999505D-01  4.61363821D-09  1.77221827D-04  1.40712578D-01  6.49679723D-01
  2.54859502D+03  9.99999264D-01  1.00000000D+00  1.00000000D+00  9.99999896D-01  9.99999522D-01  4.61363456D-09  1.77221753D-04  1.40712558D-01  6.49679694D-01
  2.59691297D+03  9.99999290D-01  1.00000000D+00  1.00000000D+00  9.99999900D-01  9.99999539D-01  4.61363017D-09  1.77221664D-04  1.40712535D-01  6.49679658D-01
  2.64605380D+03  9.99999328D-01  1.00000000D+00  1.00000000D+00  9.99999905D-01  9.99999564D-01  4.61362544D-09  1.77221568D-04  1.40712509D-01  6.49679619D-01
  2.69602995D+03  9.99999375D-01  1.00000000D+00  1.00000000D+00  9.99999912D-01  9.99999594D-01  4.61362089D-09  1.77221476D-04  1.40712485D-01  6.49679582D-01
  2.74685401D+03  9.99999422D-01  1.00000000D+00  1.00000000D+00  9.99999919D-01  9.99999625D-01  4.61361698D-09  1.77221396D-04  1.40712464D-01  6.49679551D-01
  2.79853875D+03  9.99999471D-01  1.00000000D+00  1.00000000D+00  9.99999926D-01  9.99999656D-01  4.61361398D-09  1.77221335D-04  1.40712448D-01  6.49679526D-01
  2.85109710D+03  9.99999520D-01  1.00000000D+00  1.00000000D+00  9.99999932D-01  9.99999688D-01  4.61361191D-09  1.77221293D-04  1.40712437D-01  6.49679509D-01
  2.90454215D+03  9.99999570D-01  1.00000000D+00  1.00000000D+00  9.99999939D-01  9.99999720D-01  4.61361065D-09  1.77221268D-04  1.40712430D-01  6.49679499D-01
  2.95888719D+03  9.99999620D-01  1.00000000D+00  1.00000000D+00  9.99999947D-01  9.99999753D-01  4.61360995D-09  1.77221254D-04  1.40712427D-01  6.49679493D-01
  3.01414566D+03  9.99999672D-01  1.00000000D+00  1.00000000D+00  9.99999954D-01  9.99999787D-01  4.61360961D-09  1.77221247D-04  1.40712425D-01  6.49679491D-01
  3.07033118D+03  9.99999724D-01  1.00000000D+00  1.00000000D+00  9.99999961D-01  9.99999821D-01  4.61360946D-09  1.77221244D-04  1.40712424D-01  6.49679489D-01
  3.12745754D+03  9.99999778D-01  1.00000000D+00  1.00000000D+00  9.99999969D-01  9.99999856D-01  4.61360940D-09  1.77221242D-04  1.40712424D-01  6.49679489D-01
  3.18553874D+03  9.99999832D-01  1.00000000D+00  1.00000000D+00  9.99999976D-01  9.99999891D-01  4.61360938D-09  1.77221242D-04  1.40712423D-01  6.49679489D-01
  3.24458892D+03  9.99999887D-01  1.00000000D+00  1.00000000D+00  9.99999984D-01  9.99999927D-01  4.61360937D-09  1.77221242D-04  1.40712423D-01  6.49679489D-01
  3.30462243D+03  9.99999943D-01  1.00000000D+00  1.00000000D+00  9.99999992D-01  9.99999963D-01  4.61360937D-09  1.77221242D-04  1.40712423D-01  6.49679489D-01
  3.36565380D+03  1.00000000D+00  1.00000000D+00  1.00000000D+00  1.00000000D+00  1.00000000D+00  4.61360937D-09  1.77221242D-04  1.40712423D-01  6.49679489D-01
  3.39642078D+03  1.00000000D+00  1.00000000D+00  1.00000000D+00  1.00000000D+00  1.00000000D+00  4.61360937D-09  1.77221242D-04  1.40712423D-01  6.49679489D-01
