          GENERAL DATA
          ************

          CYLINDER RADIUS (R-DIR):    10.00
          CYLINDER LENGTH (X-DIR):    20.00
          TEMPERATURE AT r=R(j=J):     0.00K,  EMITTANCE  1.00
          TEMPERATURE AT x=0(i=1):  2000.00K,  EMITTANCE  0.50
          TEMPERATURE AT x=L(i=I):     0.00K,  EMITTANCE  1.00

     MEDIUM TEMPERATURE TM (K)

    \J  1     3     5     7     9    11    13    15    17    19    21
   I
   1    0.    0.    0.    0.    0.    0.    0.    0.    0.    0.    0.
   3    0.    0.    0.    0.    0.    0.    0.    0.    0.    0.    0.
   5    0.    0.    0.    0.    0.    0.    0.    0.    0.    0.    0.
   7    0.    0.    0.    0.    0.    0.    0.    0.    0.    0.    0.
   9    0.    0.    0.    0.    0.    0.    0.    0.    0.    0.    0.
  11    0.    0.    0.    0.    0.    0.    0.    0.    0.    0.    0.
  13    0.    0.    0.    0.    0.    0.    0.    0.    0.    0.    0.
  15    0.    0.    0.    0.    0.    0.    0.    0.    0.    0.    0.
  17    0.    0.    0.    0.    0.    0.    0.    0.    0.    0.    0.
  19    0.    0.    0.    0.    0.    0.    0.    0.    0.    0.    0.
  21    0.    0.    0.    0.    0.    0.    0.    0.    0.    0.    0.
  23    0.    0.    0.    0.    0.    0.    0.    0.    0.    0.    0.
  25    0.    0.    0.    0.    0.    0.    0.    0.    0.    0.    0.
  27    0.    0.    0.    0.    0.    0.    0.    0.    0.    0.    0.
  29    0.    0.    0.    0.    0.    0.    0.    0.    0.    0.    0.
  31    0.    0.    0.    0.    0.    0.    0.    0.    0.    0.    0.
  33    0.    0.    0.    0.    0.    0.    0.    0.    0.    0.    0.
  35    0.    0.    0.    0.    0.    0.    0.    0.    0.    0.    0.
  37    0.    0.    0.    0.    0.    0.    0.    0.    0.    0.    0.
  39    0.    0.    0.    0.    0.    0.    0.    0.    0.    0.    0.
  41    0.    0.    0.    0.    0.    0.    0.    0.    0.    0.    0.

     INCIDENT RADIATION G (W/SQCM)

    \J  1     3     5     7     9    11    13    15    17    19    21
   I
   1  99.6  99.4  99.0  98.3  97.1  95.5  93.1  89.7  84.7  77.0  64.0
   3  76.3  76.2  75.7  75.0  73.7  72.0  69.5  65.9  60.9  53.5  42.7
   5  58.3  58.1  57.7  56.9  55.7  54.0  51.6  48.3  43.7  37.6  29.6
   7  44.3  44.1  43.7  43.0  41.9  40.3  38.2  35.3  31.5  26.7  20.9
   9  33.5  33.4  33.0  32.4  31.4  30.0  28.2  25.8  22.8  19.2  14.9
  11  25.3  25.2  24.8  24.3  23.4  22.3  20.8  18.9  16.6  13.8  10.8
  13  19.0  18.9  18.6  18.2  17.5  16.5  15.3  13.8  12.1  10.0   7.8
  15  14.2  14.2  13.9  13.5  13.0  12.2  11.3  10.2   8.8   7.3   5.7
  17  10.6  10.6  10.4  10.1   9.6   9.1   8.3   7.5   6.5   5.3   4.1
  19   7.9   7.9   7.7   7.5   7.2   6.7   6.1   5.5   4.7   3.9   3.0
  21   5.9   5.9   5.8   5.6   5.3   5.0   4.5   4.0   3.5   2.9   2.2
  23   4.4   4.4   4.3   4.1   3.9   3.7   3.3   3.0   2.6   2.1   1.6
  25   3.3   3.2   3.2   3.1   2.9   2.7   2.5   2.2   1.9   1.5   1.2
  27   2.4   2.4   2.4   2.3   2.1   2.0   1.8   1.6   1.4   1.1   0.9
  29   1.8   1.8   1.7   1.7   1.6   1.5   1.3   1.2   1.0   0.8   0.6
  31   1.3   1.3   1.3   1.2   1.2   1.1   1.0   0.9   0.7   0.6   0.5
  33   1.0   1.0   1.0   0.9   0.9   0.8   0.7   0.6   0.6   0.5   0.3
  35   0.7   0.7   0.7   0.7   0.6   0.6   0.5   0.5   0.4   0.3   0.3
  37   0.5   0.5   0.5   0.5   0.5   0.4   0.4   0.4   0.3   0.2   0.2
  39   0.4   0.4   0.4   0.4   0.4   0.3   0.3   0.3   0.2   0.2   0.1
  41   0.3   0.3   0.3   0.3   0.3   0.2   0.2   0.2   0.2   0.1   0.1


     WALL FLUXES AT X=O AND X=L (W/SQCM)

     J    1     3     5     7     9    11    13    15    17    19    21

     Q  43.9  43.9  44.0  44.1  44.3  44.6  45.0  45.5  46.4  47.6  49.8
     Q   0.1   0.1   0.1   0.1   0.1   0.1   0.1   0.1   0.1   0.1   0.1


     RADIAL FLUXES TO CYLINDER WALL (W/SQCM)

          I     QR

          1    32.0
          2    25.9
          3    21.3
          4    17.7
          5    14.8
          6    12.4
          7    10.5
          8     8.8
          9     7.5
         10     6.3
         11     5.4
         12     4.6
         13     3.9
         14     3.3
         15     2.8
         16     2.4
         17     2.1
         18     1.8
         19     1.5
         20     1.3
         21     1.1
         22     0.9
         23     0.8
         24     0.7
         25     0.6
         26     0.5
         27     0.4
         28     0.4
         29     0.3
         30     0.3
         31     0.2
         32     0.2
         33     0.2
         34     0.2
         35     0.1
         36     0.1
         37     0.1
         38     0.1
         39     0.1
         40     0.1
         41     0.1
