  2, 1, 2, (1.30149,-0.1620E-05)
   1.-10   1.+10,1.619424-4,0.740741,    7.6,      1.,      74.
10000. 
  1.    .005
  
  2, 2, 1, (2.000,-0.100)
   1.-10   1.+10,2.723+4,1.759372,    2.,      1.,      1.+4
1000. 9000. 10
  1.    .005
  
  1, 1, 1, (2.000,-0.000)
   15.9155,      1.+4
10000.
  1.    .005
  
  1, 2, 1, (2.000,-0.000)
   15.9155,      1.+4
1000. 10000. 10
  1.    .005
  
  1, 2, 1, (2.000,-0.100)
   1.,      1.+4
1000. 9000. 10
  1.    .005

1  2  2  (2,0)
.3183099, 1e6
5000, 10000, 2
.1, 8
